(tensor([[[7.4051e+00, 2.2075e+01, 2.6244e+01,  ..., 5.4578e+02, 5.6302e+02, 6.0051e+02],
         [3.1039e+00, 2.6622e+00, 2.7001e+00,  ..., 6.0586e+02, 6.0827e+02, 6.0688e+02],
         [1.5399e+01, 4.6944e+01, 5.4291e+01,  ..., 1.9325e+02, 1.5601e+02, 8.0103e+01],
         ...,
         [6.8913e-06, 3.9526e-06, 4.0368e-06,  ..., 1.0542e-04, 1.2028e-04, 1.0762e-04],
         [2.0683e-06, 1.1266e-06, 1.7668e-06,  ..., 2.1806e-05, 1.9417e-05, 2.2260e-05],
         [4.0685e-06, 1.1981e-06, 2.6796e-06,  ..., 3.2474e-05, 2.6922e-05, 2.9232e-05]]], grad_fn=<CatBackward0>), [tensor([[[[  7.2854,   2.6655,   1.7482,  ...,   2.6822,   3.4911,   4.6547],
          [  6.9341,   1.6512,   1.5857,  ...,   2.3800,   1.7789,   4.5825],
          [  7.0342,   2.5706,   1.7311,  ...,   0.6376,   1.0190,   4.0515],
          ...,
          [  6.9136,   3.1471,   1.6489,  ...,  -0.4340,   0.4122,   4.4614],
          [  6.0917,   2.8723,   2.3600,  ...,   2.0684,   2.1107,   6.0855],
          [  5.8742,   3.0027,   2.5412,  ...,   4.0707,   2.1229,   5.3970]],

         [[  7.2669,   5.6110,   3.3459,  ...,   3.8442,   4.0702,   5.5078],
          [  6.8542,   5.0522,   3.0645,  ...,   3.7100,   2.6704,   5.0313],
          [  6.9521,   5.8708,   2.9378,  ...,   1.7960,   2.1468,   4.4639],
          ...,
          [  6.8692,   5.6200,   3.0709,  ...,   0.7570,   1.7579,   5.2452],
          [  6.0931,   4.9439,   3.0189,  ...,   3.3383,   2.8413,   6.4635],
          [  5.9935,   4.8681,   3.6485,  ...,   5.5069,   3.4732,   5.9341]],

         [[  2.8391,   5.4797,   5.2618,  ...,   4.5425,   4.6035,   5.0103],
          [  1.8325,   4.9658,   5.4168,  ...,   4.9313,   3.8236,   3.9637],
          [  1.9538,   5.8397,   5.5410,  ...,   3.4778,   3.7854,   3.4920],
          ...,
          [  2.3552,   5.6599,   5.1478,  ...,   2.0167,   2.8354,   4.5395],
          [  2.0562,   5.0704,   4.7473,  ...,   4.3650,   3.7828,   4.7298],
          [  2.4825,   5.1939,   5.0095,  ...,   5.6075,   4.5046,   4.9730]],

         ...,

         [[-11.8852, -12.4411, -12.4200,  ..., -12.1645, -12.1185, -12.5120],
          [-11.8870, -11.7295, -11.5823,  ..., -11.6582, -12.0214, -12.3298],
          [-11.4099, -11.5093, -11.2690,  ..., -11.8118, -12.0103, -12.4261],
          ...,
          [-11.7175, -11.4056, -11.5774,  ..., -11.7745, -11.8619, -12.3847],
          [-11.7399, -11.1553, -11.1748,  ..., -11.5940, -11.7156, -11.7272],
          [-11.3351, -11.5666, -11.3749,  ..., -11.1809, -11.8703, -11.8210]],

         [[-13.0888, -13.6963, -13.2463,  ..., -13.3288, -13.2935, -13.7068],
          [-12.9922, -13.3405, -13.1635,  ..., -13.3654, -12.9589, -13.6445],
          [-13.0562, -13.2867, -13.0647,  ..., -13.0783, -13.2149, -13.3262],
          ...,
          [-12.7202, -12.6835, -13.1495,  ..., -13.3245, -13.0668, -13.4812],
          [-13.2106, -13.0624, -13.0427,  ..., -12.7750, -12.8534, -13.1276],
          [-12.7411, -13.0451, -12.7529,  ..., -12.7877, -12.7675, -13.2705]],

         [[-12.4122, -13.6347, -12.8298,  ..., -12.6521, -12.8500, -13.2236],
          [-12.2041, -13.0380, -12.5359,  ..., -12.7520, -12.3449, -13.2367],
          [-12.3997, -12.7060, -12.5440,  ..., -12.2402, -12.6010, -12.9255],
          ...,
          [-12.3475, -12.2327, -12.6727,  ..., -12.5612, -12.7762, -13.0760],
          [-12.8973, -12.6925, -12.4441,  ..., -12.3425, -12.9777, -13.4422],
          [-12.3344, -12.5907, -12.4444,  ..., -12.3819, -12.1370, -12.5334]]]], grad_fn=<CatBackward0>), tensor([[[[  6.4112,   3.4626,   2.8859,  ...,   0.9173,  -0.2764,   2.0493],
          [  6.7734,   3.6210,   2.6041,  ...,   1.5247,  -0.3085,   2.8522],
          [  7.3773,   3.7159,   2.4383,  ...,   1.6996,   0.5723,   6.1346],
          ...,
          [  7.9554,   3.8313,   2.4730,  ...,   2.9253,   3.8406,   1.1667],
          [  7.1548,   3.9624,   2.8167,  ...,   1.3682,   3.6811,   1.1563],
          [  5.8963,   3.6702,   2.6371,  ...,   0.1704,   3.8221,   2.2118]],

         [[  5.6995,   5.6886,   3.2915,  ...,   0.2491,  -0.8584,   2.1038],
          [  6.2540,   6.0624,   3.2431,  ...,   1.2951,  -0.6493,   2.8160],
          [  7.0067,   6.7130,   3.4551,  ...,   1.3944,   0.4589,   5.3143],
          ...,
          [  7.7411,   7.2459,   3.1119,  ...,   5.2323,   5.7272,   3.2766],
          [  6.8385,   6.5421,   3.2254,  ...,   3.7999,   6.0201,   2.9726],
          [  5.3863,   5.6699,   3.1987,  ...,   1.2323,   5.3039,   3.6926]],

         [[  3.5060,   5.4076,   5.6481,  ...,   0.1144,  -0.3371,   2.4836],
          [  3.4018,   5.8990,   6.4160,  ...,   1.5904,   0.3563,   3.2162],
          [  3.5944,   6.5616,   6.6514,  ...,   2.0425,   1.2842,   4.3034],
          ...,
          [  2.9599,   7.1367,   6.3661,  ...,   5.5497,   7.4692,   5.0029],
          [  2.9567,   6.3985,   5.8908,  ...,   4.5195,   7.6483,   4.9575],
          [  3.1932,   5.4493,   5.3765,  ...,   2.4187,   6.3943,   5.1158]],

         ...,

         [[-10.2376,  -9.9062,  -9.9077,  ..., -10.1771, -10.1197, -10.0731],
          [-10.5393,  -9.6602, -10.2477,  ..., -10.6683, -10.1192,  -9.8491],
          [-10.1074,  -9.8739,  -9.8666,  ..., -10.4874, -10.3364, -10.0553],
          ...,
          [-10.1596,  -9.8302, -10.3630,  ..., -10.2662, -10.1535,  -9.8914],
          [-10.2325,  -9.9966,  -9.8525,  ...,  -9.3210,  -9.6870,  -9.4655],
          [ -9.8640, -10.1923,  -9.9533,  ..., -10.0684, -10.1544,  -9.7238]],

         [[-11.7647, -11.5395, -11.5650,  ..., -11.9770, -11.9975, -11.9704],
          [-12.1353, -11.6265, -11.8428,  ..., -11.8752, -11.9876, -11.8190],
          [-12.1241, -11.6905, -11.7537,  ..., -11.9414, -12.1575, -11.9137],
          ...,
          [-11.9069, -11.7361, -11.6982,  ..., -12.2875, -11.7871, -11.9866],
          [-12.0492, -12.2337, -11.8180,  ..., -12.0163, -11.6506, -11.6984],
          [-11.8418, -11.9596, -11.8423,  ..., -11.9006, -11.8525, -11.7730]],

         [[-10.9887, -11.2037, -11.3209,  ..., -11.3086, -11.7071, -11.5356],
          [-11.4937, -11.2599, -11.3319,  ..., -10.7645, -11.4596, -11.3594],
          [-11.5938, -11.3830, -11.5728,  ..., -11.2414, -11.6948, -11.2861],
          ...,
          [-11.3190, -11.0575, -11.5640,  ..., -11.5988, -11.1106, -11.2779],
          [-11.4730, -11.6832, -11.3324,  ..., -11.4265, -10.9819, -11.0395],
          [-11.4701, -11.4735, -11.4652,  ..., -11.4546, -11.4387, -11.3150]]]], grad_fn=<CatBackward0>), tensor([[[[  6.5270,   3.4897,   3.2231,  ...,   0.4954,   1.2773,   1.1280],
          [  6.1029,   3.1494,   3.0391,  ...,   1.1521,   1.9886,   2.0468],
          [  3.6718,   1.9702,   2.2452,  ...,   1.2042,   1.4369,   1.8972],
          ...,
          [ 10.1241,   4.1168,   3.2699,  ...,   0.9187,   3.3205,   5.5097],
          [  9.3023,   3.4430,   3.5049,  ...,   1.5651,   2.6547,   4.0419],
          [  7.9224,   3.0770,   2.8356,  ...,   2.0733,   1.9706,   2.8894]],

         [[  6.2183,   6.4855,   3.6168,  ...,   0.5868,   1.0612,   1.2127],
          [  5.8310,   5.8326,   3.6367,  ...,   1.1424,   1.8865,   2.1392],
          [  3.5355,   3.6742,   2.6420,  ...,   1.7522,   2.4891,   2.3571],
          ...,
          [ 10.0928,   8.3808,   5.1777,  ...,   2.4367,   4.4715,   7.2752],
          [  9.2468,   7.0287,   5.1660,  ...,   2.6634,   3.9399,   6.5706],
          [  7.7345,   6.3955,   4.8414,  ...,   3.0676,   2.5558,   5.1179]],

         [[  2.9169,   6.1703,   4.3973,  ...,   1.5366,   1.5922,   1.4540],
          [  2.5805,   5.5176,   4.6476,  ...,   1.8545,   2.3822,   2.3312],
          [  1.7326,   3.4091,   3.6826,  ...,   2.3054,   4.2437,   2.6641],
          ...,
          [  3.2486,   8.3162,   6.6872,  ...,   2.1850,   5.8965,   5.6635],
          [  2.9619,   6.9321,   6.1673,  ...,   2.2843,   5.6505,   6.0321],
          [  2.9963,   6.1720,   6.3133,  ...,   2.6596,   3.7658,   5.1054]],

         ...,

         [[ -9.2027,  -9.3816,  -9.9020,  ...,  -9.4908,  -9.1847,  -9.1240],
          [ -8.9652,  -9.6319,  -9.5105,  ...,  -9.2761,  -9.0405,  -8.9395],
          [ -9.1888,  -9.5327,  -9.3323,  ...,  -9.0290,  -9.4279,  -9.2709],
          ...,
          [ -9.0726,  -9.6151,  -9.0744,  ...,  -9.3395,  -8.9947,  -9.3612],
          [ -9.3233,  -9.2537,  -9.0133,  ...,  -9.4399,  -9.2193,  -9.1712],
          [ -9.1357,  -9.0920,  -8.9052,  ...,  -9.1574,  -9.0255,  -9.1368]],

         [[-10.5499, -10.6378, -10.6303,  ..., -10.7295, -10.6717, -10.7938],
          [-10.6593, -10.4941, -10.6436,  ..., -10.6785, -10.6522, -10.6980],
          [-10.5638, -10.6717, -10.6890,  ..., -10.5549, -10.8052, -10.7584],
          ...,
          [-10.5359, -10.7333, -10.6335,  ..., -10.7805, -10.7795, -10.8357],
          [-10.6307, -10.4789, -10.5552,  ..., -10.7366, -10.7052, -10.6549],
          [-10.6874, -10.6882, -10.6428,  ..., -10.7333, -10.8493, -10.7127]],

         [[-10.3872, -10.2827, -10.2922,  ..., -10.4343, -10.2854, -10.4111],
          [-10.5210, -10.2127, -10.3783,  ..., -10.3632, -10.3308, -10.3211],
          [-10.3883, -10.2256, -10.3614,  ..., -10.4333, -10.5697, -10.2709],
          ...,
          [-10.4415, -10.3782, -10.1987,  ..., -10.3160, -10.4106, -10.4687],
          [-10.3829, -10.0327, -10.1442,  ..., -10.3380, -10.3135, -10.2852],
          [-10.4532, -10.3780, -10.4963,  ..., -10.3350, -10.5226, -10.4402]]]], grad_fn=<CatBackward0>)])