tensor([[[[ 2.2753e+01,  1.8914e+00,  1.6767e+00,  ...,  1.0516e+00,  9.0705e-01,  9.0236e-01],
          [ 2.5891e+01,  1.4887e+00,  1.3539e+00,  ...,  1.2388e+00,  7.7159e-01,  7.2746e-01],
          [ 2.5965e+01,  1.6293e+00,  1.4351e+00,  ...,  1.1610e+00,  1.1967e+00,  1.3810e+00],
          ...,
          [ 6.4194e+00,  1.0514e+00,  8.2421e-01,  ...,  6.7445e-01,  7.3809e-01,  7.7091e-01],
          [ 6.2241e+00,  1.5944e+00,  1.3146e-01,  ...,  7.6385e-01,  7.5389e-01,  6.5263e-01],
          [ 6.2024e+00,  8.8433e-01,  1.1698e+00,  ...,  7.6659e-01,  7.1693e-01,  6.2931e-01]],

         [[-1.6446e-06, -2.7703e-07, -1.8639e-07,  ..., -2.7292e-03, -3.7939e-03, -5.5705e-03],
          [-7.6699e-06, -1.2313e-06, -8.5356e-07,  ..., -9.7006e-03, -8.9990e-03, -1.0579e-02],
          [-6.1492e-06, -1.1071e-06, -7.2604e-07,  ..., -2.1976e-02, -2.5996e-02, -2.4981e-02],
          ...,
          [-2.7768e-01, -2.7226e-01, -2.6962e-01,  ..., -1.4566e-02, -1.7279e-02, -2.2457e-02],
          [-2.0577e-01, -2.7674e-01, -2.4227e-01,  ..., -1.6320e-02, -1.9861e-02, -2.5453e-02],
          [-1.4273e-01, -1.7659e-01, -2.7672e-01,  ..., -1.5053e-02, -2.1767e-02, -2.8282e-02]],

         [[ 2.2540e+00,  2.4903e+00,  2.4290e+00,  ...,  1.2805e+00,  1.2815e+00,  1.4206e+00],
          [ 2.4277e+00,  2.6956e+00,  2.5878e+00,  ...,  1.0809e+00,  1.2679e+00,  1.4308e+00],
          [ 2.3715e+00,  2.6686e+00,  2.5706e+00,  ...,  3.0612e-01,  6.8853e-01,  1.1020e+00],
          ...,
          [ 1.7412e+00,  1.7727e+00,  1.7508e+00,  ...,  8.2578e-01,  8.7909e-01,  1.0047e+00],
          [ 1.7604e+00,  1.7693e+00,  1.7772e+00,  ...,  8.1070e-01,  8.5545e-01,  1.0358e+00],
          [ 1.7641e+00,  1.8618e+00,  1.7961e+00,  ...,  7.9444e-01,  8.9717e-01,  1.0748e+00]],

         ...,

         [[-1.8386e-07,  1.0445e+00,  1.2757e+00,  ...,  1.5455e+00,  1.6791e+00,  1.6738e+00],
          [-6.8140e-09,  6.9119e-01,  8.1953e-01,  ...,  9.0778e-01,  1.4222e+00,  1.4869e+00],
          [-6.3888e-09,  5.7401e-01,  7.3996e-01,  ...,  9.9539e-01,  9.4720e-01,  7.8606e-01],
          ...,
          [-1.1820e-01,  1.1598e+00,  1.5003e+00,  ...,  1.5670e+00,  1.5015e+00,  1.4625e+00],
          [-1.3075e-01,  7.0927e-01,  2.3601e+00,  ...,  1.4456e+00,  1.4799e+00,  1.5904e+00],
          [-1.2875e-01,  1.3316e+00,  1.1606e+00,  ...,  1.4641e+00,  1.4999e+00,  1.6237e+00]],

         [[ 4.5691e+00,  3.6794e+00,  3.7730e+00,  ...,  3.5671e-01,  2.7173e-01,  1.7273e-01],
          [ 1.9820e+00,  5.5412e-01,  6.1589e-01,  ..., -2.7370e-01, -2.7442e-01, -2.7531e-01],
          [ 2.0230e+00,  5.8461e-01,  6.4789e-01,  ..., -2.7752e-01, -2.7617e-01, -2.7808e-01],
          ...,
          [-2.6639e-01, -2.2701e-01, -2.2306e-01,  ..., -2.7804e-01, -2.7839e-01, -2.7844e-01],
          [-2.4941e-01, -2.3796e-01, -2.0981e-01,  ..., -2.7800e-01, -2.7846e-01, -2.7778e-01],
          [-2.4713e-01, -2.0982e-01, -2.3791e-01,  ..., -2.7798e-01, -2.7843e-01, -2.7757e-01]],

         [[ 2.2398e+00,  1.7556e+00,  1.7738e+00,  ...,  1.7192e+00,  1.7102e+00,  1.5941e+00],
          [ 2.0613e+00,  1.3500e+00,  1.3535e+00,  ...,  1.7172e+00,  1.6336e+00,  1.4755e+00],
          [ 2.0303e+00,  1.3294e+00,  1.3021e+00,  ...,  1.6867e+00,  1.6545e+00,  1.5930e+00],
          ...,
          [ 1.5414e+00,  1.2841e+00,  1.2799e+00,  ...,  1.4937e+00,  1.4530e+00,  1.5502e+00],
          [ 1.5351e+00,  1.2921e+00,  1.2622e+00,  ...,  1.5064e+00,  1.4251e+00,  1.5787e+00],
          [ 1.5369e+00,  1.3450e+00,  1.3347e+00,  ...,  1.5358e+00,  1.5324e+00,  1.6226e+00]]]])tensor([[[[ 2.4756e+00, -9.3703e-04, -7.4024e-04,  ..., -1.7559e-02, -1.6286e-02, -1.8408e-02],
          [-2.6560e-01, -7.8552e-02, -2.2887e-01,  ..., -3.4297e-02,  1.0431e-01, -3.5876e-03],
          [-2.2348e-01, -2.2771e-01, -1.5885e-01,  ..., -1.8923e-01,  9.4279e-02, -9.4600e-02],
          ...,
          [ 2.6819e+00, -2.5315e-01, -1.9769e-01,  ..., -1.3109e-01, -2.3090e-01, -2.5326e-01],
          [ 2.0823e+00, -2.2031e-01, -2.4485e-01,  ..., -2.3884e-01,  1.4994e-01, -2.0360e-01],
          [ 1.0201e+00,  1.9899e+00,  7.5076e-01,  ..., -3.1252e-02, -8.5300e-02, -2.2187e-01]],

         [[-5.8099e-05,  3.0012e+00,  3.1966e+00,  ...,  2.2824e+00,  2.1259e+00,  1.5399e+00],
          [-3.0904e-02, -2.6730e-02, -6.4801e-02,  ..., -2.7803e-01, -9.0080e-02,  2.3684e-01],
          [-3.3058e-02, -1.9459e-01, -2.0328e-01,  ...,  2.4802e-01,  2.5693e-01,  1.5103e-01],
          ...,
          [-1.7870e-01,  1.9609e-01,  1.7770e-01,  ...,  2.0084e-01, -1.7390e-02,  2.5775e-01],
          [-9.4861e-02,  8.5282e-01, -9.6876e-02,  ...,  1.1038e-01, -2.1035e-01,  1.0009e-01],
          [-2.7023e-01, -2.7803e-01, -1.7535e-01,  ..., -9.2031e-02, -1.0952e-01,  9.3804e-02]],

         [[-1.9297e-01,  6.0068e+00,  5.1369e+00,  ...,  1.4833e+00,  2.6290e+00,  2.8272e+00],
          [-4.6112e-02,  4.7261e+00,  3.2655e+00,  ...,  5.0008e+00,  1.3365e+00, -2.2912e-01],
          [-6.3943e-02,  4.7290e+00,  2.9051e+00,  ...,  6.9823e+00,  2.5888e+00, -2.4446e-01],
          ...,
          [ 2.2859e-01,  2.1111e+00,  2.9707e+00,  ...,  2.4487e+00,  2.1442e+00,  3.0090e-01],
          [-9.2862e-02,  2.9083e+00,  2.4699e+00,  ...,  2.2215e+00,  2.7176e+00,  8.2376e-01],
          [-1.7858e-01,  3.3281e+00,  1.3662e+00,  ...,  3.7861e+00,  2.4942e+00,  7.3179e-01]],

         ...,

         [[ 1.9691e+00,  2.8830e+00,  3.7319e+00,  ...,  3.9783e+00,  3.4641e+00,  2.8672e+00],
          [ 1.4149e+00,  1.8985e+00,  2.4033e+00,  ...,  2.2872e+00,  2.4629e+00,  2.2205e+00],
          [ 1.2903e+00,  2.0793e+00,  2.2656e+00,  ...,  2.2386e+00,  1.7642e+00,  1.6635e+00],
          ...,
          [ 8.4942e-01,  6.2068e-01,  6.2209e-01,  ...,  2.2123e+00,  2.2525e+00,  2.3319e+00],
          [ 1.1807e+00,  6.7163e-01,  6.0093e-01,  ...,  2.2778e+00,  2.2435e+00,  2.0515e+00],
          [ 1.2964e+00,  6.2385e-01,  9.4171e-01,  ...,  2.0188e+00,  2.1899e+00,  2.1729e+00]],

         [[ 1.0733e+01,  8.2172e+00,  8.3553e+00,  ...,  1.0287e+01,  8.6888e+00,  7.5650e+00],
          [ 8.8100e+00,  4.8819e+00,  4.7796e+00,  ...,  5.9549e+00,  5.6826e+00,  5.8151e+00],
          [ 8.8303e+00,  4.8460e+00,  4.7444e+00,  ...,  5.4134e+00,  6.0431e+00,  6.0408e+00],
          ...,
          [ 7.7333e+00,  7.3231e+00,  6.5879e+00,  ...,  6.3136e+00,  6.3601e+00,  6.3992e+00],
          [ 7.4548e+00,  7.0112e+00,  7.3816e+00,  ...,  6.1989e+00,  6.2963e+00,  6.2794e+00],
          [ 7.8235e+00,  6.4960e+00,  7.1092e+00,  ...,  8.6201e+00,  6.1568e+00,  6.3067e+00]],

         [[ 9.9036e+00,  9.6012e+00,  8.7054e+00,  ..., -5.8690e-02, -2.7768e-01,  1.8192e+00],
          [ 3.4435e+00,  2.4169e+00,  1.8901e+00,  ...,  2.8067e+00, -2.7592e-01, -1.9313e-01],
          [ 4.4303e+00,  2.9690e+00,  3.1680e+00,  ...,  7.2065e+00,  5.0193e+00,  3.4118e+00],
          ...,
          [ 3.4145e+00,  2.3317e+00,  3.1795e+00,  ...,  2.9227e+00,  3.3673e+00,  1.9364e+00],
          [ 4.7300e+00,  3.0387e+00,  3.4856e+00,  ...,  3.6039e+00,  3.1347e+00,  2.7184e+00],
          [ 4.2778e+00,  3.0227e+00,  3.1178e+00,  ...,  2.7563e+00,  2.7891e+00,  3.4128e+00]]]])tensor([[[[-1.0434e-01,  4.1331e-01,  5.1032e-01,  ...,  1.4673e+00,  9.4850e-01,  7.7118e-01],
          [ 2.5070e-01,  1.5570e+00,  1.6921e+00,  ...,  1.7113e+00,  1.8221e+00,  1.6403e+00],
          [ 3.6049e-01,  1.7037e+00,  1.4576e+00,  ...,  1.5707e+00,  1.8367e+00,  1.7118e+00],
          ...,
          [ 8.5957e-01,  1.5897e+00,  1.7973e+00,  ...,  2.1702e+00,  1.7516e+00,  1.7127e+00],
          [ 8.6860e-01,  1.0937e+00,  1.4935e+00,  ...,  2.1320e+00,  2.0256e+00,  1.5885e+00],
          [ 1.6885e+00,  1.9499e+00,  1.6969e+00,  ...,  7.4718e-01,  2.1922e+00,  2.1933e+00]],

         [[-4.1680e-02, -1.3230e-01, -1.8021e-01,  ...,  2.5975e-01,  2.4549e-01,  3.4010e-01],
          [-5.1221e-02,  1.1772e+00,  1.3753e+00,  ...,  7.8317e-01,  1.7330e+00,  1.9611e+00],
          [-3.1724e-02,  8.4615e-01,  9.6069e-01,  ...,  1.3801e+00,  1.4632e+00,  7.5124e-01],
          ...,
          [-2.1631e-01,  9.4145e-01, -2.2427e-01,  ...,  1.3868e+00,  1.3800e+00,  1.0388e+00],
          [-2.1928e-01,  1.0589e+00,  8.4380e-01,  ...,  1.0620e+00,  1.2956e+00,  1.2615e+00],
          [-2.0349e-01,  2.4425e-01,  9.4231e-01,  ...,  2.2882e+00,  1.7125e+00, -2.1182e-02]],

         [[ 2.1188e+00,  1.6612e+00,  2.3591e+00,  ...,  2.6154e+00,  2.5316e+00,  2.8223e+00],
          [ 2.7569e+00,  1.4818e+00,  1.9260e+00,  ...,  1.6823e+00,  1.9218e+00,  2.7403e+00],
          [ 2.8079e+00,  1.3307e+00,  1.5868e+00,  ...,  1.0273e+00,  1.0210e+00,  2.5421e+00],
          ...,
          [ 2.6171e+00,  1.6398e+00,  1.3297e+00,  ...,  1.3904e+00,  1.8798e+00,  2.6223e+00],
          [ 2.6603e+00,  1.5600e+00,  1.2153e+00,  ...,  1.4002e+00,  1.7877e+00,  2.4025e+00],
          [ 2.9801e+00,  2.2789e+00,  2.6823e+00,  ...,  2.1282e+00,  2.5816e+00,  3.1220e+00]],

         ...,

         [[-2.7845e-01, -1.5747e-01, -1.7009e-01,  ..., -2.0631e-01, -2.3882e-01, -2.7501e-01],
          [ 5.8611e-01,  2.8183e-01,  3.5246e-01,  ..., -1.6070e-01, -2.7823e-01, -2.7728e-01],
          [ 8.1647e-01,  2.3545e-01,  2.4635e-01,  ..., -1.7980e-01,  1.6500e-01,  3.6148e-01],
          ...,
          [ 5.8751e-01,  8.3296e-02,  9.0148e-01,  ...,  1.9208e-01,  2.1342e-01,  4.3692e-01],
          [-9.7609e-02,  2.1152e-01, -2.2964e-01,  ...,  2.5214e-01,  1.6999e-01,  3.8052e-01],
          [ 1.0457e+00,  3.8169e-01, -6.3872e-02,  ..., -2.5834e-01,  3.6193e-01,  1.5622e+00]],

         [[-1.3836e-01, -1.2501e-01, -1.8358e-01,  ...,  1.5671e+00, -4.2353e-02, -2.7256e-01],
          [ 8.1124e-01, -2.7343e-01, -1.1668e-02,  ..., -2.7644e-01,  2.5929e+00,  2.9815e+00],
          [ 5.7550e-01, -2.3984e-01, -1.0711e-01,  ..., -3.2524e-02, -2.7030e-01,  7.1166e-01],
          ...,
          [ 1.0873e+00,  5.4704e-01, -1.9686e-01,  ..., -2.2490e-01, -2.3720e-01,  9.3836e-01],
          [ 6.5785e-01,  1.5225e-01, -1.3196e-01,  ..., -2.7039e-01, -2.7838e-01,  4.9792e-01],
          [ 7.7019e-01, -2.6983e-01,  9.7619e-01,  ...,  1.1397e+00, -2.7325e-01,  7.3553e-02]],

         [[-9.1645e-03, -1.1956e-04, -8.8914e-05,  ..., -1.9745e-02, -9.8507e-03, -2.5765e-02],
          [-1.6078e-01, -1.9443e-01, -2.6624e-01,  ..., -2.5670e-01, -7.7180e-02,  1.3438e+00],
          [-2.4368e-01, -2.7846e-01, -2.4551e-01,  ..., -7.0612e-02, -2.3448e-01, -6.5928e-02],
          ...,
          [ 4.8095e-01, -1.9227e-01, -2.7133e-01,  ..., -3.9003e-02, -1.4190e-01,  6.7885e-01],
          [-2.2358e-01,  4.7374e-01, -2.6833e-01,  ...,  1.0432e-01, -3.4652e-02,  9.1846e-01],
          [ 3.5238e-01,  1.9349e-01,  2.8079e-01,  ...,  9.4723e-01,  9.4651e-01,  9.7893e-01]]]])tensor([[[[ 8.4275e-01,  1.2105e+00,  1.4300e+00,  ...,  1.4854e+00,  1.3789e+00,  1.5340e+00],
          [ 1.2023e+00,  1.2983e+00,  1.4687e+00,  ...,  1.5861e+00,  1.4413e+00,  1.6306e+00],
          [ 1.3731e+00,  1.5456e+00,  1.5051e+00,  ...,  2.2596e+00,  1.9596e+00,  1.6842e+00],
          ...,
          [ 1.5380e+00,  1.5613e+00,  1.3141e+00,  ...,  2.0116e+00,  1.4276e+00,  1.5693e+00],
          [ 1.4996e+00,  1.2425e+00,  1.3933e+00,  ...,  2.1267e+00,  2.1027e+00,  1.4237e+00],
          [ 1.6831e+00,  1.5872e+00,  1.7374e+00,  ...,  2.3934e+00,  2.3105e+00,  2.1057e+00]],

         [[-2.7177e-01, -2.6608e-01, -1.9718e-01,  ..., -2.0426e-01, -2.7124e-01, -2.7630e-01],
          [-2.7664e-01, -2.1010e-01, -2.6844e-01,  ..., -2.5497e-01, -1.8759e-01, -1.6349e-01],
          [-2.6183e-01, -2.7649e-01, -2.5352e-01,  ..., -2.7444e-01, -2.7620e-01, -2.6935e-01],
          ...,
          [-2.6325e-01, -2.7301e-01,  2.5100e-01,  ..., -2.6399e-01, -1.3742e-01, -2.7608e-01],
          [-1.5398e-01, -2.7800e-01, -2.7844e-01,  ..., -2.0036e-01, -2.7845e-01, -2.7107e-01],
          [-2.7664e-01, -1.8659e-01, -2.4004e-01,  ..., -1.9775e-01, -2.6177e-01, -1.8013e-01]],

         [[ 2.4947e+00,  2.2276e+00,  2.3086e+00,  ...,  2.2178e+00,  2.2001e+00,  2.3114e+00],
          [ 2.4410e+00,  1.7056e+00,  1.9934e+00,  ...,  2.9666e+00,  2.6896e+00,  1.5183e+00],
          [ 2.4583e+00,  1.9630e+00,  2.0088e+00,  ...,  2.6385e+00,  2.6467e+00,  2.2197e+00],
          ...,
          [ 2.7098e+00,  2.1555e+00,  2.6003e+00,  ...,  2.3600e+00,  2.3945e+00,  1.9411e+00],
          [ 2.8729e+00,  2.1485e+00,  1.8390e+00,  ...,  2.8568e+00,  2.4445e+00,  2.1276e+00],
          [ 2.6779e+00,  2.7228e+00,  2.2599e+00,  ...,  2.1541e+00,  3.0783e+00,  2.5428e+00]],

         ...,

         [[ 1.0352e-01, -2.2121e-01, -1.6348e-01,  ..., -2.7555e-01, -1.5597e-01, -2.7579e-01],
          [ 2.3238e-01, -1.7907e-01, -9.1458e-02,  ..., -2.7459e-01, -2.4347e-01, -2.3805e-01],
          [ 2.7754e-01, -7.5145e-02, -1.1714e-01,  ..., -2.7713e-01, -1.5526e-01, -2.3512e-01],
          ...,
          [ 1.9241e-01,  4.3163e-02, -2.4053e-01,  ..., -1.9156e-01, -9.3381e-02, -2.5134e-01],
          [ 1.2304e-01, -7.9287e-02, -2.1147e-01,  ..., -2.3799e-01, -2.0130e-01, -2.0100e-01],
          [ 2.1385e-01, -2.7272e-01,  1.2724e-01,  ..., -2.7839e-01, -2.5297e-01, -2.3853e-01]],

         [[ 9.0927e-05, -2.3459e-01, -2.5533e-01,  ..., -2.5731e-01, -2.3170e-01, -2.7837e-01],
          [-2.5247e-01, -2.5386e-01, -2.4484e-01,  ...,  3.3176e-01, -1.3581e-02,  6.3582e-01],
          [-1.4614e-01,  3.0327e-02, -1.5657e-01,  ..., -1.8496e-01,  4.1461e-01,  4.3085e-01],
          ...,
          [-1.7195e-01, -1.0689e-02, -2.5090e-01,  ..., -2.1658e-01, -1.0163e-02, -2.3918e-01],
          [-2.1895e-01, -2.2351e-01,  4.2634e-02,  ..., -1.9065e-01, -2.1491e-01, -1.5513e-01],
          [-2.0943e-01, -1.6551e-01, -4.2008e-02,  ..., -2.6815e-01, -1.9193e-01, -2.7552e-01]],

         [[-2.7681e-01, -1.9907e-01, -2.4319e-01,  ..., -1.5912e-01, -2.4482e-01, -2.7610e-01],
          [-2.7737e-01,  7.0829e-01,  3.3752e-01,  ..., -2.7832e-01, -2.3439e-01, -2.7650e-01],
          [-2.7492e-01,  8.0705e-01,  3.3329e-01,  ..., -2.7016e-01,  5.6340e-02, -7.2470e-02],
          ...,
          [-2.7830e-01,  2.9527e-01,  5.1217e-01,  ...,  4.1711e-01,  7.6408e-01,  5.3650e-01],
          [-2.7815e-01,  3.6515e-01,  4.9763e-01,  ..., -2.2258e-01,  3.2747e-01,  5.4809e-01],
          [-2.7191e-01,  1.0001e-01,  6.4839e-01,  ..., -2.7820e-01, -2.1180e-01,  2.1816e-01]]]])tensor([[[[-0.0284,  0.1405,  0.1548,  ..., -0.0093,  0.7237,  0.6277],
          [ 0.0673, -0.1019, -0.0865,  ...,  0.2886, -0.1033,  0.2736],
          [ 0.0445, -0.0496, -0.2016,  ..., -0.1721, -0.2364, -0.0389],
          ...,
          [ 0.0060,  0.1672,  0.0317,  ..., -0.2780, -0.2373,  0.5513],
          [-0.0968, -0.2450, -0.2654,  ...,  0.0158, -0.2781,  0.1492],
          [ 0.3993, -0.1196, -0.1595,  ..., -0.1260, -0.0665, -0.0316]],

         [[ 0.6910,  1.2240,  1.2833,  ...,  1.2409,  0.9777,  1.5507],
          [ 0.4444,  0.7687,  0.8628,  ...,  0.9264,  1.3006,  1.4321],
          [ 0.1420,  0.6702,  0.7687,  ...,  1.3259,  1.2274,  1.1491],
          ...,
          [ 0.1162,  0.2333,  0.6152,  ...,  0.5805,  0.5778,  0.8472],
          [ 0.0539,  0.3399,  0.2606,  ...,  0.5642,  0.4548,  0.8458],
          [ 0.1775,  0.2914,  0.4389,  ...,  1.6173,  0.3822,  0.7260]],

         [[ 0.1357,  0.5188,  0.4085,  ...,  0.9873,  0.7032,  1.1195],
          [ 0.2049,  0.1181,  0.4053,  ...,  1.0174,  0.9951,  0.6219],
          [ 0.0965, -0.0914,  0.1625,  ...,  0.8698,  0.9413,  0.4142],
          ...,
          [-0.0195, -0.2227,  0.0624,  ..., -0.2091, -0.2579, -0.1935],
          [-0.0262, -0.1329, -0.1181,  ..., -0.1898, -0.2611, -0.2784],
          [ 0.2314,  0.0769, -0.0306,  ..., -0.1156, -0.1624, -0.2554]],

         ...,

         [[-0.1112, -0.1886, -0.0872,  ..., -0.0394,  0.0026, -0.0464],
          [-0.2708, -0.2632, -0.2535,  ..., -0.2730, -0.2285, -0.1857],
          [-0.2434, -0.2458, -0.1136,  ..., -0.0902, -0.1546, -0.2693],
          ...,
          [-0.1006,  0.2152,  0.0157,  ..., -0.2783, -0.2609, -0.2754],
          [-0.1077, -0.1780, -0.0747,  ..., -0.1998, -0.2732, -0.2780],
          [-0.1830, -0.2699, -0.1957,  ..., -0.2621, -0.1700,  0.0293]],

         [[-0.2508, -0.2256, -0.2408,  ..., -0.2362, -0.2619, -0.2784],
          [-0.2707, -0.2642, -0.2770,  ..., -0.2771, -0.2739, -0.1981],
          [-0.2238, -0.2774, -0.2706,  ..., -0.2770, -0.2708, -0.1930],
          ...,
          [-0.2676, -0.1587, -0.2631,  ..., -0.1963, -0.2404, -0.1104],
          [-0.2783, -0.1508, -0.2239,  ..., -0.2719, -0.2054, -0.1516],
          [-0.2419, -0.2683, -0.2765,  ..., -0.2205, -0.2492, -0.1192]],

         [[ 0.0457,  1.1840,  0.3021,  ...,  0.4071,  0.0280, -0.0920],
          [ 0.6623,  1.1142,  0.4415,  ...,  0.2284, -0.2713, -0.2781],
          [ 0.5771,  1.3634,  0.4001,  ...,  0.4669, -0.1806, -0.2650],
          ...,
          [ 0.5350,  1.1037,  0.6231,  ...,  0.1762, -0.2623, -0.2763],
          [ 0.7630,  1.2077,  0.3493,  ..., -0.0846,  0.2065, -0.1538],
          [ 0.6238,  1.0635,  0.6473,  ..., -0.2414, -0.0746,  0.1715]]]])tensor([[[[ 6.5297e-03, -2.1847e-01, -2.1270e-01,  ..., -1.6185e-01, -1.2651e-01, -2.6642e-01],
          [ 1.7994e-01, -2.6424e-01, -2.6947e-01,  ..., -2.0771e-01, -2.2046e-01, -2.6128e-01],
          [-1.9032e-01, -1.4787e-01, -2.7730e-01,  ..., -1.6348e-01, -2.7288e-01, -2.7806e-01],
          ...,
          [-1.4500e-01, -2.6694e-01, -2.5339e-01,  ..., -2.7823e-01, -2.3993e-01, -1.8285e-01],
          [-2.2099e-01, -2.6935e-01, -2.5698e-01,  ..., -2.5859e-01, -2.7094e-01, -2.6578e-01],
          [-2.5861e-01, -2.6753e-01, -2.6224e-01,  ..., -2.5388e-01, -2.7166e-01, -2.2228e-01]],

         [[ 2.2235e-01,  8.2631e-02,  1.9610e-01,  ...,  7.1662e-02, -1.6025e-01,  2.7701e-01],
          [-2.1934e-01, -2.7671e-01, -2.7390e-01,  ...,  3.7851e-01,  9.7491e-04, -2.6751e-01],
          [-2.1423e-01, -2.7798e-01, -2.7838e-01,  ..., -2.7466e-01, -2.3691e-01, -1.2742e-01],
          ...,
          [-1.9735e-01, -2.5698e-01, -2.7015e-01,  ..., -2.2625e-01, -2.1861e-01, -3.8531e-02],
          [-2.2836e-01, -2.7469e-01, -2.7766e-01,  ...,  3.5189e-02, -2.5055e-01, -2.6496e-01],
          [-2.7213e-01, -2.1190e-01, -2.5271e-01,  ..., -2.2884e-01, -2.6704e-01, -2.7846e-01]],

         [[-2.7222e-01, -2.7819e-01, -2.7757e-01,  ..., -2.4325e-01, -4.2510e-02, -2.7798e-01],
          [-2.6618e-01, -2.7284e-01, -2.7630e-01,  ..., -2.6996e-01, -1.3226e-01, -2.7728e-01],
          [-2.1383e-01, -2.4617e-01, -2.6231e-01,  ..., -1.1746e-01,  9.3236e-03, -5.6140e-02],
          ...,
          [ 2.3202e-01,  4.3734e-01,  1.0272e+00,  ..., -2.7801e-01, -2.2090e-01, -2.2995e-01],
          [ 3.0606e-01,  6.2176e-01,  1.3036e+00,  ...,  4.3619e-01, -2.0473e-01, -2.7457e-01],
          [ 7.7326e-01,  9.2873e-01,  1.5082e+00,  ..., -2.5226e-01, -2.7798e-03, -2.6486e-01]],

         ...,

         [[ 7.3867e-01,  8.1711e-01,  7.9760e-01,  ...,  7.7835e-01,  1.9199e-01, -2.5583e-01],
          [ 4.9681e-01,  5.9776e-01,  6.5871e-01,  ..., -1.1442e-01, -8.8656e-02, -5.2759e-02],
          [ 4.5784e-01,  5.8460e-01,  6.9856e-01,  ..., -2.2637e-01, -2.7846e-01, -1.2865e-01],
          ...,
          [ 3.9910e-01,  6.4773e-01,  5.1568e-01,  ..., -2.1541e-01, -1.3322e-01, -1.6914e-02],
          [ 6.3616e-01,  7.4972e-01,  5.9459e-01,  ..., -6.9944e-02, -1.0840e-01, -9.0344e-02],
          [ 2.7465e-01,  3.0734e-01,  3.1717e-01,  ..., -1.2554e-01, -3.8799e-02, -1.1975e-01]],

         [[ 1.1610e+00,  6.8818e-01,  7.4015e-01,  ...,  9.7691e-01,  1.4544e-01,  1.2054e+00],
          [ 8.7044e-01,  7.1068e-01,  6.9651e-01,  ...,  1.0178e+00,  5.7596e-01,  1.3857e+00],
          [ 9.5078e-01,  6.5449e-01,  7.0702e-01,  ...,  9.2336e-01,  8.5230e-01,  1.2240e+00],
          ...,
          [ 5.5319e-01,  3.7468e-01,  5.8805e-01,  ...,  1.2419e+00,  1.1901e+00,  2.2620e+00],
          [ 4.1211e-01,  2.4244e-01,  3.9756e-01,  ...,  2.0915e+00,  1.3308e+00,  1.0342e+00],
          [ 4.8217e-01,  5.1173e-01,  5.2169e-01,  ...,  1.4225e+00,  2.5489e+00,  1.4788e+00]],

         [[-2.3335e-01, -2.7846e-01, -2.6505e-01,  ..., -2.7273e-01, -2.3883e-01,  4.1475e-01],
          [-2.4087e-01, -2.4804e-01, -2.5654e-01,  ...,  7.7719e-01,  7.9792e-02, -2.2666e-01],
          [-1.5066e-01, -2.7643e-01, -2.6851e-01,  ..., -1.9781e-01, -2.6761e-01,  5.5306e-02],
          ...,
          [-1.9896e-01, -2.7511e-01, -2.5046e-01,  ...,  3.8142e-01, -1.5704e-01,  1.7558e+00],
          [-2.2755e-01, -2.6013e-01, -2.6904e-01,  ...,  7.2322e-01, -2.1156e-01, -1.0874e-01],
          [-1.4746e-01, -2.5861e-01, -2.7396e-01,  ..., -2.7742e-01,  2.5027e+00, -2.6260e-01]]]])tensor([[[[ 2.2066e-01,  4.7208e-01,  4.8786e-01,  ...,  6.1514e-01,  6.0923e-01,  1.6231e-01],
          [ 2.7387e-01,  3.8371e-01,  4.7022e-01,  ...,  8.4296e-01,  1.0629e+00,  5.2716e-01],
          [ 3.6863e-01,  5.7572e-01,  6.7464e-01,  ...,  6.4630e-01,  5.4955e-01,  2.7331e-01],
          ...,
          [ 4.7445e-01,  7.7188e-01,  6.9083e-01,  ...,  3.5055e-01,  5.3287e-01,  4.3585e-01],
          [ 5.2261e-01,  7.5709e-01,  6.7914e-01,  ...,  3.1885e-01,  6.4761e-01,  3.4134e-01],
          [ 1.9495e-01,  4.3571e-01,  5.3195e-01,  ...,  5.6045e-01,  1.8035e-01,  2.5493e-01]],

         [[ 1.3345e-01,  3.0841e-02,  6.3726e-02,  ...,  8.8030e-01,  1.8428e-01,  4.0828e-01],
          [-1.6660e-01,  1.3476e-02,  2.3155e-02,  ...,  7.5890e-01,  1.1327e+00,  3.5817e-01],
          [-5.6489e-02,  7.9895e-02,  8.9483e-02,  ...,  2.4687e-01,  1.0828e-01,  1.2348e-01],
          ...,
          [-1.5069e-01,  2.0776e-01,  5.4885e-02,  ...,  4.8885e-02,  2.6552e-01,  2.8124e-02],
          [-1.5770e-01,  1.9186e-01,  5.7743e-02,  ...,  1.5455e-01,  3.3749e-01,  6.5947e-03],
          [-9.2115e-02,  1.1054e-01,  1.4805e-01,  ...,  1.4552e+00,  9.9366e-02, -8.9201e-02]],

         [[ 7.5523e-01,  8.2226e-01,  7.3024e-01,  ...,  7.9868e-01,  1.6720e-01,  5.0998e-01],
          [ 6.6437e-01,  7.8035e-01,  7.5404e-01,  ...,  1.1064e+00,  6.8263e-01,  7.0710e-01],
          [ 6.9557e-01,  7.2629e-01,  8.0065e-01,  ...,  7.2492e-01,  4.1236e-01,  1.1297e+00],
          ...,
          [ 4.7646e-01,  6.2093e-01,  7.5775e-01,  ...,  4.3919e-02,  4.2304e-01,  7.8779e-01],
          [ 5.4465e-01,  5.1711e-01,  5.1978e-01,  ...,  3.5437e-01,  7.3220e-01,  7.2913e-01],
          [ 4.6687e-01,  6.5190e-01,  5.3536e-01,  ...,  5.0261e-01,  6.3062e-01,  5.4258e-01]],

         ...,

         [[ 2.7963e-01,  4.3025e-01,  4.5049e-01,  ..., -2.0837e-03,  6.0820e-02,  4.4549e-01],
          [-2.7225e-02, -1.3382e-01, -1.8405e-01,  ..., -2.1181e-01, -2.5600e-01,  1.0678e-02],
          [-6.3804e-02, -1.5245e-01, -2.1357e-01,  ..., -1.4104e-01, -1.3180e-01,  1.5764e-01],
          ...,
          [-1.1914e-01, -1.7783e-01, -2.7716e-01,  ..., -2.7185e-01, -5.1442e-02,  3.7224e-01],
          [-1.2102e-01, -2.4759e-01, -2.7584e-01,  ..., -1.3347e-01, -1.9330e-01,  4.2681e-01],
          [ 6.9699e-01,  5.5003e-01,  5.2344e-01,  ...,  1.0532e-01,  5.9330e-01,  1.0305e+00]],

         [[ 4.2190e-01,  2.1422e-01,  3.4108e-01,  ...,  2.0610e-01, -4.4422e-02,  1.3676e-01],
          [ 1.8607e-01, -2.7666e-02,  2.1714e-01,  ...,  3.2849e-02, -4.6312e-02,  1.5208e-01],
          [ 3.9914e-01,  8.1696e-02,  8.2331e-02,  ..., -1.3136e-02,  3.4698e-01,  5.6566e-01],
          ...,
          [ 7.7464e-01,  5.9476e-01,  3.7977e-01,  ...,  4.1827e-01,  5.9604e-01,  6.9501e-01],
          [ 7.7139e-01,  5.3546e-01,  4.4534e-01,  ...,  3.9281e-01,  6.8198e-02,  5.2387e-01],
          [ 1.1565e+00,  8.3166e-01,  9.4410e-01,  ...,  5.3826e-01,  4.4302e-01,  6.2841e-01]],

         [[-1.8109e-01, -1.9205e-01, -1.8894e-01,  ..., -2.7806e-01, -1.1790e-01, -2.7737e-01],
          [-1.8967e-01, -9.2305e-02, -7.7504e-02,  ..., -2.7823e-01, -4.4281e-02,  2.1458e-02],
          [-2.3287e-01, -2.0534e-02, -1.4516e-02,  ..., -1.4187e-01, -2.2050e-01, -1.0026e-01],
          ...,
          [ 5.5817e-02,  3.3794e-01, -5.0751e-05,  ..., -2.4479e-01, -2.4606e-01, -2.7740e-01],
          [-4.0551e-02,  2.7439e-01,  2.7801e-02,  ..., -2.0745e-01, -2.7845e-01, -4.0699e-02],
          [-1.1553e-01,  1.3381e-01,  7.9664e-02,  ...,  2.1436e-02, -2.2120e-01,  5.9113e-02]]]])tensor([[[[-2.1898e-01, -2.7305e-01, -2.4837e-01,  ...,  5.6215e-01,  6.8671e-01,  5.5380e-01],
          [-1.6368e-01, -2.3664e-01, -1.6474e-01,  ...,  4.5473e-01,  6.2585e-01,  1.0736e+00],
          [-2.2690e-01, -2.6425e-01, -2.7540e-01,  ..., -2.5313e-01, -1.7097e-01, -2.7653e-01],
          ...,
          [-1.4501e-01, -2.7101e-01,  6.9581e-02,  ...,  1.6253e+00, -4.3630e-02, -8.2175e-03],
          [-1.1075e-01, -2.7517e-01, -2.7757e-01,  ...,  1.1032e+00, -2.3543e-01,  2.2519e-01],
          [-1.5070e-01, -2.7243e-01, -2.7572e-01,  ...,  1.1768e-01, -1.4142e-01,  4.9606e-02]],

         [[-2.7790e-01, -2.4501e-01,  1.3047e-01,  ...,  7.2753e-01,  3.2423e-01, -1.6077e-01],
          [-2.7576e-01, -1.9265e-01,  3.5515e-01,  ...,  7.7572e-01,  1.7697e-01, -1.4326e-01],
          [-2.6838e-01, -1.4557e-01,  1.3174e+00,  ..., -2.7288e-01, -1.9295e-01,  9.9008e-02],
          ...,
          [ 4.6035e-02, -1.9712e-01,  2.7487e-02,  ...,  2.9988e-01,  6.8775e-01,  8.3140e-01],
          [-1.3899e-01,  4.4566e-02,  3.0692e-01,  ...,  5.1940e-02,  1.4544e+00,  1.4722e+00],
          [-1.6293e-01, -2.6002e-02,  1.6692e-01,  ..., -2.3066e-01,  1.3776e-01,  2.8445e-01]],

         [[-4.4657e-02,  4.7016e-01, -5.7191e-03,  ..., -2.2251e-01, -2.5092e-01, -2.4729e-01],
          [-2.3238e-01, -8.9832e-02, -2.6168e-01,  ..., -2.7845e-01, -2.6628e-01, -2.2021e-01],
          [-2.2208e-01, -2.2351e-01, -1.9175e-01,  ..., -1.3582e-01,  3.4180e-01,  1.4485e-01],
          ...,
          [ 2.4643e-01,  5.7971e-01,  5.4581e-01,  ..., -2.1867e-01, -2.2140e-01,  5.1580e-02],
          [ 2.0396e-01,  4.9025e-01, -4.6268e-02,  ..., -1.2628e-01, -2.6145e-01, -2.4731e-02],
          [ 3.4904e-01,  3.2571e-02,  2.0357e-01,  ..., -2.7608e-01, -1.8881e-01, -1.7478e-01]],

         ...,

         [[ 3.3883e-02,  2.7343e-01,  3.2170e-01,  ..., -3.6854e-02, -1.9176e-01, -2.4055e-01],
          [ 4.5020e-01,  8.2792e-01,  5.5065e-01,  ..., -1.3490e-01, -2.3386e-01, -2.7177e-01],
          [ 2.3972e-01,  7.7826e-01,  1.3807e+00,  ..., -2.7829e-01, -2.7795e-01, -1.2467e-02],
          ...,
          [ 6.9634e-01, -2.3599e-01, -2.7501e-01,  ..., -2.3884e-01,  2.3664e-02, -1.1390e-01],
          [ 5.6770e-01,  4.0465e-02, -2.1342e-01,  ..., -2.7795e-01, -2.6708e-01, -2.7705e-01],
          [ 5.5111e-01,  2.5948e-01, -2.0584e-01,  ..., -2.7767e-01, -2.7836e-01, -2.5259e-01]],

         [[-2.2856e-01, -1.9660e-01,  2.3300e-01,  ..., -1.9662e-01, -1.9123e-01, -1.5903e-01],
          [-2.4968e-01, -1.5873e-01,  1.1549e-01,  ...,  4.4078e-02,  2.9446e-01,  2.9949e-01],
          [-2.7846e-01, -1.9229e-01, -1.1806e-01,  ..., -2.7710e-01, -2.6251e-01, -2.0713e-01],
          ...,
          [ 1.0063e+00,  2.0336e-01, -2.0981e-01,  ...,  4.5743e-02,  2.3201e-03, -4.4954e-02],
          [ 8.2989e-01,  7.4858e-01, -1.9037e-01,  ...,  2.5280e-02,  3.1637e-01,  5.9891e-02],
          [ 9.9933e-01,  1.3608e+00,  6.1430e-02,  ...,  9.6719e-01,  2.0643e-01,  3.7195e-01]],

         [[ 5.0930e-03, -8.3756e-02,  7.4423e-02,  ...,  1.2208e-03, -5.3319e-02, -1.2016e-01],
          [ 3.5562e-01,  3.4088e-01,  5.7274e-01,  ..., -1.9468e-01,  5.5242e-02,  2.4260e-02],
          [ 4.6208e-01,  4.5593e-01,  5.1280e-01,  ..., -2.7843e-01, -2.6252e-01, -1.9850e-01],
          ...,
          [ 2.6665e-01, -1.0801e-01, -2.6190e-01,  ..., -2.1381e-01,  1.7889e-01,  4.3601e-03],
          [ 4.3595e-01,  2.4855e-01, -2.7027e-01,  ...,  2.3085e-01,  4.0353e-01, -2.8606e-02],
          [ 2.3654e-01,  3.9769e-01, -2.7311e-01,  ...,  1.5025e-01,  1.1809e-01,  1.4189e-01]]]])tensor([[[[-0.2698, -0.2444, -0.0900,  ..., -0.1190, -0.2473, -0.2784],
          [-0.1936, -0.1630, -0.1517,  ...,  0.0059,  0.0162, -0.0733],
          [-0.2263, -0.1470, -0.2697,  ..., -0.2753, -0.2705, -0.2171],
          ...,
          [-0.1654, -0.2583, -0.2744,  ..., -0.1828, -0.1693, -0.2760],
          [ 0.3432,  0.3811, -0.1243,  ..., -0.1703, -0.2036, -0.2686],
          [-0.1314,  0.0572, -0.2720,  ..., -0.1989, -0.1687, -0.2393]],

         [[-0.2655, -0.2770, -0.2494,  ..., -0.2673, -0.2296, -0.1889],
          [-0.2766, -0.2546, -0.2770,  ..., -0.1684, -0.1496, -0.2784],
          [-0.2683, -0.2115, -0.1905,  ..., -0.2751, -0.2535, -0.2663],
          ...,
          [-0.0039, -0.2703, -0.2294,  ..., -0.2772, -0.1626, -0.2662],
          [-0.0017, -0.2535, -0.2785,  ..., -0.2287, -0.2773, -0.2784],
          [-0.2248, -0.1736, -0.1678,  ..., -0.1896, -0.0467, -0.2025]],

         [[-0.2267, -0.2702, -0.2680,  ..., -0.0808, -0.0955,  0.5759],
          [-0.1757, -0.2738, -0.2712,  ...,  0.5252,  0.0787,  0.8128],
          [-0.2369, -0.2323, -0.2479,  ..., -0.0124, -0.2191,  0.0327],
          ...,
          [-0.2498, -0.2320, -0.2420,  ..., -0.1523, -0.2582, -0.2364],
          [-0.2759, -0.2785, -0.2782,  ..., -0.2723, -0.2538, -0.2781],
          [-0.2652, -0.2726, -0.2337,  ..., -0.2785, -0.2781, -0.2759]],

         ...,

         [[-0.0294, -0.0868,  0.0275,  ...,  0.7072,  0.5203,  0.3205],
          [ 0.0170, -0.0570, -0.2364,  ...,  0.4867,  0.8816, -0.0357],
          [-0.0189, -0.2033, -0.2649,  ..., -0.2431, -0.2517, -0.2158],
          ...,
          [ 0.8273,  0.7546, -0.0540,  ...,  1.1105, -0.0693, -0.2783],
          [-0.0817, -0.1432, -0.2449,  ...,  1.3974,  0.2171,  0.3208],
          [-0.0715, -0.1454, -0.2332,  ...,  0.7339,  0.8300,  1.0986]],

         [[-0.2607, -0.2780, -0.2615,  ..., -0.1309, -0.0710, -0.1029],
          [-0.2553, -0.2785, -0.1707,  ..., -0.1460, -0.1789, -0.2315],
          [-0.2783, -0.2677, -0.0333,  ..., -0.2400, -0.2181, -0.1646],
          ...,
          [-0.2196, -0.2782, -0.2705,  ..., -0.1575, -0.1323, -0.0988],
          [-0.0475, -0.2673, -0.1832,  ..., -0.0670, -0.0394, -0.1310],
          [-0.1981, -0.0511, -0.1271,  ..., -0.1358, -0.0622, -0.0940]],

         [[-0.2747, -0.2769, -0.2732,  ..., -0.1777, -0.2430, -0.2633],
          [-0.2612, -0.2220, -0.2144,  ..., -0.2127, -0.2365, -0.1776],
          [-0.2272, -0.1935, -0.1188,  ...,  0.1247,  0.0597, -0.2716],
          ...,
          [-0.2771, -0.1604, -0.1088,  ..., -0.1727, -0.1716, -0.2122],
          [-0.1932, -0.1229,  0.2882,  ..., -0.1118, -0.1550, -0.1582],
          [-0.2679, -0.2780, -0.2339,  ..., -0.2182, -0.2731, -0.1937]]]])tensor([[[[ 1.9787e-01,  2.3472e-01,  4.0261e-01,  ...,  6.3266e-01,  6.5605e-01,  6.2615e-01],
          [ 1.8290e-01,  4.0426e-01,  3.8931e-01,  ...,  9.7814e-01,  9.4968e-01,  8.4554e-01],
          [ 9.6276e-02,  3.3517e-01,  5.0099e-01,  ...,  1.0912e+00,  1.0147e+00,  9.8133e-01],
          ...,
          [ 1.6137e-01, -4.9019e-02, -5.3066e-02,  ...,  1.1940e-01,  2.9888e-01,  1.0991e-01],
          [ 1.3741e-01,  5.1989e-03, -3.2579e-03,  ...,  1.5496e-01,  4.3541e-01,  2.6952e-02],
          [ 2.6741e-01,  1.4720e-01,  1.1436e-01,  ...,  1.4865e-01,  6.8351e-02, -4.7051e-02]],

         [[-1.4467e-01, -1.6013e-01, -2.2350e-01,  ..., -1.3989e-01, -1.2725e-01, -1.3132e-01],
          [-1.3016e-01, -1.5139e-01, -2.0573e-01,  ..., -1.7298e-01, -2.0179e-01, -2.0954e-01],
          [-1.5712e-01, -1.7964e-01, -2.0575e-01,  ..., -1.3905e-01, -1.3681e-01, -2.1190e-01],
          ...,
          [-1.5621e-01, -1.5485e-01, -1.3085e-01,  ..., -5.4681e-02, -3.9557e-02, -2.8227e-02],
          [-1.3711e-01, -2.1488e-01, -1.5330e-01,  ..., -8.9130e-02, -4.9013e-02, -2.3366e-02],
          [-1.7453e-01, -2.7118e-01, -2.2443e-01,  ..., -1.2280e-01, -1.0349e-01, -7.5073e-02]],

         [[-1.9898e-01, -2.3252e-01, -2.5525e-01,  ...,  1.0293e-01,  1.1477e-01, -8.6799e-02],
          [-2.2626e-01, -2.2612e-01, -2.7842e-01,  ..., -1.0162e-01, -1.0045e-01, -2.0240e-01],
          [-2.5628e-01, -2.7233e-01, -2.7570e-01,  ..., -2.3893e-01, -2.1827e-01, -1.1500e-01],
          ...,
          [-1.8816e-01,  1.9354e-02,  1.7902e-01,  ..., -2.5738e-01, -2.7598e-01, -2.7213e-01],
          [-2.1935e-01,  1.2614e-01,  8.4034e-02,  ..., -2.7299e-01, -2.6143e-01, -2.6588e-01],
          [-2.4875e-01, -1.7146e-01, -2.2114e-01,  ..., -2.6399e-01, -2.4705e-01, -2.6814e-01]],

         ...,

         [[-1.9190e-01, -1.9085e-01, -2.0391e-01,  ..., -1.5885e-01, -2.0519e-01, -1.8345e-01],
          [-1.2974e-01, -1.3806e-01, -1.9245e-01,  ..., -9.6707e-02, -1.4836e-01, -9.0609e-02],
          [-1.4303e-01, -1.5521e-01, -2.5415e-01,  ..., -4.4735e-02, -6.7306e-02, -8.4900e-02],
          ...,
          [-2.0340e-01, -1.4670e-01, -1.0220e-01,  ..., -1.0929e-01, -1.1693e-01, -1.9583e-01],
          [-2.0491e-01, -1.8178e-01, -1.1930e-01,  ..., -2.0097e-01, -1.9035e-01, -1.3838e-01],
          [-2.1252e-01, -2.4621e-01, -2.2731e-01,  ..., -2.7284e-01, -2.1188e-01, -2.5512e-01]],

         [[-1.3850e-01,  6.8664e-02,  1.4016e-02,  ..., -2.6601e-01, -2.5607e-01, -2.4026e-01],
          [-1.3958e-01,  5.9586e-02,  8.0077e-03,  ..., -2.7845e-01, -2.7606e-01, -2.7361e-01],
          [-1.2572e-01,  8.8780e-02, -7.8461e-04,  ..., -2.7777e-01, -2.7152e-01, -2.3493e-01],
          ...,
          [-1.1013e-01, -1.9556e-01, -1.5981e-01,  ..., -2.4014e-01, -2.7516e-01, -2.6859e-01],
          [-1.8908e-02, -1.7236e-01, -1.5390e-01,  ..., -1.6855e-01, -2.5749e-01, -2.7846e-01],
          [-1.5755e-03,  5.2878e-02, -6.7561e-02,  ...,  4.6101e-02, -1.3419e-01, -2.5924e-01]],

         [[-1.8459e-01, -1.4061e-01, -1.7303e-01,  ..., -2.5030e-01, -2.0500e-01, -1.7921e-01],
          [-2.0352e-01, -2.1572e-01, -1.8652e-01,  ..., -2.4009e-01, -1.8648e-01, -1.5559e-01],
          [-2.1436e-01, -2.1663e-01, -1.8034e-01,  ..., -1.7762e-01, -1.6507e-01, -1.9888e-01],
          ...,
          [-4.4154e-02, -4.4400e-02, -6.4280e-02,  ..., -8.1009e-02, -5.2103e-02, -4.6777e-02],
          [-8.5019e-02, -6.2587e-02, -7.5383e-02,  ..., -1.2846e-01, -6.1976e-02, -4.1012e-02],
          [-1.2027e-01, -1.1372e-01, -1.0459e-01,  ..., -2.3846e-01, -1.5705e-01, -6.3876e-02]]]])tensor([[[[ 0.1979,  0.1979,  0.2347,  ...,  0.6561,  0.6261,  0.6261],
          [ 0.1979,  0.1979,  0.2347,  ...,  0.6561,  0.6261,  0.6261],
          [ 0.1829,  0.1829,  0.4043,  ...,  0.9497,  0.8455,  0.8455],
          ...,
          [ 0.1374,  0.1374,  0.0052,  ...,  0.4354,  0.0270,  0.0270],
          [ 0.2674,  0.2674,  0.1472,  ...,  0.0684, -0.0471, -0.0471],
          [ 0.2674,  0.2674,  0.1472,  ...,  0.0684, -0.0471, -0.0471]],

         [[-0.1447, -0.1447, -0.1601,  ..., -0.1272, -0.1313, -0.1313],
          [-0.1447, -0.1447, -0.1601,  ..., -0.1272, -0.1313, -0.1313],
          [-0.1302, -0.1302, -0.1514,  ..., -0.2018, -0.2095, -0.2095],
          ...,
          [-0.1371, -0.1371, -0.2149,  ..., -0.0490, -0.0234, -0.0234],
          [-0.1745, -0.1745, -0.2712,  ..., -0.1035, -0.0751, -0.0751],
          [-0.1745, -0.1745, -0.2712,  ..., -0.1035, -0.0751, -0.0751]],

         [[-0.1990, -0.1990, -0.2325,  ...,  0.1148, -0.0868, -0.0868],
          [-0.1990, -0.1990, -0.2325,  ...,  0.1148, -0.0868, -0.0868],
          [-0.2263, -0.2263, -0.2261,  ..., -0.1005, -0.2024, -0.2024],
          ...,
          [-0.2193, -0.2193,  0.1261,  ..., -0.2614, -0.2659, -0.2659],
          [-0.2488, -0.2488, -0.1715,  ..., -0.2470, -0.2681, -0.2681],
          [-0.2488, -0.2488, -0.1715,  ..., -0.2470, -0.2681, -0.2681]],

         ...,

         [[-0.1919, -0.1919, -0.1909,  ..., -0.2052, -0.1835, -0.1835],
          [-0.1919, -0.1919, -0.1909,  ..., -0.2052, -0.1835, -0.1835],
          [-0.1297, -0.1297, -0.1381,  ..., -0.1484, -0.0906, -0.0906],
          ...,
          [-0.2049, -0.2049, -0.1818,  ..., -0.1904, -0.1384, -0.1384],
          [-0.2125, -0.2125, -0.2462,  ..., -0.2119, -0.2551, -0.2551],
          [-0.2125, -0.2125, -0.2462,  ..., -0.2119, -0.2551, -0.2551]],

         [[-0.1385, -0.1385,  0.0687,  ..., -0.2561, -0.2403, -0.2403],
          [-0.1385, -0.1385,  0.0687,  ..., -0.2561, -0.2403, -0.2403],
          [-0.1396, -0.1396,  0.0596,  ..., -0.2761, -0.2736, -0.2736],
          ...,
          [-0.0189, -0.0189, -0.1724,  ..., -0.2575, -0.2785, -0.2785],
          [-0.0016, -0.0016,  0.0529,  ..., -0.1342, -0.2592, -0.2592],
          [-0.0016, -0.0016,  0.0529,  ..., -0.1342, -0.2592, -0.2592]],

         [[-0.1846, -0.1846, -0.1406,  ..., -0.2050, -0.1792, -0.1792],
          [-0.1846, -0.1846, -0.1406,  ..., -0.2050, -0.1792, -0.1792],
          [-0.2035, -0.2035, -0.2157,  ..., -0.1865, -0.1556, -0.1556],
          ...,
          [-0.0850, -0.0850, -0.0626,  ..., -0.0620, -0.0410, -0.0410],
          [-0.1203, -0.1203, -0.1137,  ..., -0.1570, -0.0639, -0.0639],
          [-0.1203, -0.1203, -0.1137,  ..., -0.1570, -0.0639, -0.0639]]]])tensor([[[[ 1.9787e-01,  1.9787e-01,  2.3472e-01,  ...,  6.5605e-01,  6.2615e-01,  6.2615e-01],
          [ 1.9787e-01,  1.9787e-01,  2.3472e-01,  ...,  6.5605e-01,  6.2615e-01,  6.2615e-01],
          [ 1.8290e-01,  1.8290e-01,  4.0426e-01,  ...,  9.4968e-01,  8.4554e-01,  8.4554e-01],
          ...,
          [ 1.3741e-01,  1.3741e-01,  5.1989e-03,  ...,  4.3541e-01,  2.6952e-02,  2.6952e-02],
          [ 2.6741e-01,  2.6741e-01,  1.4720e-01,  ...,  6.8351e-02, -4.7051e-02, -4.7051e-02],
          [ 2.6741e-01,  2.6741e-01,  1.4720e-01,  ...,  6.8351e-02, -4.7051e-02, -4.7051e-02]],

         [[-1.4467e-01, -1.4467e-01, -1.6013e-01,  ..., -1.2725e-01, -1.3132e-01, -1.3132e-01],
          [-1.4467e-01, -1.4467e-01, -1.6013e-01,  ..., -1.2725e-01, -1.3132e-01, -1.3132e-01],
          [-1.3016e-01, -1.3016e-01, -1.5139e-01,  ..., -2.0179e-01, -2.0954e-01, -2.0954e-01],
          ...,
          [-1.3711e-01, -1.3711e-01, -2.1488e-01,  ..., -4.9013e-02, -2.3366e-02, -2.3366e-02],
          [-1.7453e-01, -1.7453e-01, -2.7118e-01,  ..., -1.0349e-01, -7.5073e-02, -7.5073e-02],
          [-1.7453e-01, -1.7453e-01, -2.7118e-01,  ..., -1.0349e-01, -7.5073e-02, -7.5073e-02]],

         [[-1.9898e-01, -1.9898e-01, -2.3252e-01,  ...,  1.1477e-01, -8.6799e-02, -8.6799e-02],
          [-1.9898e-01, -1.9898e-01, -2.3252e-01,  ...,  1.1477e-01, -8.6799e-02, -8.6799e-02],
          [-2.2626e-01, -2.2626e-01, -2.2612e-01,  ..., -1.0045e-01, -2.0240e-01, -2.0240e-01],
          ...,
          [-2.1935e-01, -2.1935e-01,  1.2614e-01,  ..., -2.6143e-01, -2.6588e-01, -2.6588e-01],
          [-2.4875e-01, -2.4875e-01, -1.7146e-01,  ..., -2.4705e-01, -2.6814e-01, -2.6814e-01],
          [-2.4875e-01, -2.4875e-01, -1.7146e-01,  ..., -2.4705e-01, -2.6814e-01, -2.6814e-01]],

         ...,

         [[ 2.7963e-01,  4.3025e-01,  4.5049e-01,  ..., -2.0837e-03,  6.0820e-02,  4.4549e-01],
          [-2.7225e-02, -1.3382e-01, -1.8405e-01,  ..., -2.1181e-01, -2.5600e-01,  1.0678e-02],
          [-6.3804e-02, -1.5245e-01, -2.1357e-01,  ..., -1.4104e-01, -1.3180e-01,  1.5764e-01],
          ...,
          [-1.1914e-01, -1.7783e-01, -2.7716e-01,  ..., -2.7185e-01, -5.1442e-02,  3.7224e-01],
          [-1.2102e-01, -2.4759e-01, -2.7584e-01,  ..., -1.3347e-01, -1.9330e-01,  4.2681e-01],
          [ 6.9699e-01,  5.5003e-01,  5.2344e-01,  ...,  1.0532e-01,  5.9330e-01,  1.0305e+00]],

         [[ 4.2190e-01,  2.1422e-01,  3.4108e-01,  ...,  2.0610e-01, -4.4422e-02,  1.3676e-01],
          [ 1.8607e-01, -2.7666e-02,  2.1714e-01,  ...,  3.2849e-02, -4.6312e-02,  1.5208e-01],
          [ 3.9914e-01,  8.1696e-02,  8.2331e-02,  ..., -1.3136e-02,  3.4698e-01,  5.6566e-01],
          ...,
          [ 7.7464e-01,  5.9476e-01,  3.7977e-01,  ...,  4.1827e-01,  5.9604e-01,  6.9501e-01],
          [ 7.7139e-01,  5.3546e-01,  4.4534e-01,  ...,  3.9281e-01,  6.8198e-02,  5.2387e-01],
          [ 1.1565e+00,  8.3166e-01,  9.4410e-01,  ...,  5.3826e-01,  4.4302e-01,  6.2841e-01]],

         [[-1.8109e-01, -1.9205e-01, -1.8894e-01,  ..., -2.7806e-01, -1.1790e-01, -2.7737e-01],
          [-1.8967e-01, -9.2305e-02, -7.7504e-02,  ..., -2.7823e-01, -4.4281e-02,  2.1458e-02],
          [-2.3287e-01, -2.0534e-02, -1.4516e-02,  ..., -1.4187e-01, -2.2050e-01, -1.0026e-01],
          ...,
          [ 5.5817e-02,  3.3794e-01, -5.0751e-05,  ..., -2.4479e-01, -2.4606e-01, -2.7740e-01],
          [-4.0551e-02,  2.7439e-01,  2.7801e-02,  ..., -2.0745e-01, -2.7845e-01, -4.0699e-02],
          [-1.1553e-01,  1.3381e-01,  7.9664e-02,  ...,  2.1436e-02, -2.2120e-01,  5.9113e-02]]]])tensor([[[[-0.1878, -0.2331, -0.2517,  ..., -0.2600, -0.2424, -0.2368],
          [-0.1723, -0.2261, -0.2608,  ..., -0.2736, -0.2474, -0.1772],
          [-0.2063, -0.2680, -0.2746,  ..., -0.2761, -0.2703, -0.2264],
          ...,
          [-0.2783, -0.2587, -0.0734,  ..., -0.2726, -0.2294, -0.2531],
          [-0.2677, -0.2650, -0.2017,  ..., -0.2779, -0.2610, -0.2185],
          [-0.2784, -0.2769, -0.2636,  ..., -0.2674, -0.2777, -0.2148]],

         [[ 0.0308,  0.1742,  0.2099,  ...,  0.5674,  0.7557,  0.3717],
          [-0.0338,  0.0458, -0.0282,  ..., -0.0396,  0.2083, -0.0201],
          [-0.0054,  0.1293,  0.1094,  ...,  0.7166,  0.8197, -0.0386],
          ...,
          [-0.0988,  0.2073,  0.2380,  ..., -0.0756,  0.8118,  0.5136],
          [-0.0335,  0.0711, -0.0433,  ..., -0.2779,  0.4375,  0.1062],
          [ 0.1329,  0.0580,  0.1013,  ..., -0.1778, -0.2441, -0.2128]],

         [[-0.2141,  0.0014,  0.1420,  ...,  0.2130, -0.0825, -0.1535],
          [-0.2111, -0.0514, -0.0522,  ...,  0.1356, -0.1970, -0.2289],
          [-0.1956,  0.0265, -0.1361,  ..., -0.2597, -0.2656, -0.2613],
          ...,
          [-0.2640, -0.2730, -0.2140,  ..., -0.0732,  1.2778,  0.0243],
          [-0.2778, -0.1990, -0.2785,  ..., -0.2631,  1.2888,  1.4166],
          [-0.2585, -0.2118, -0.2561,  ..., -0.2644, -0.2101,  1.0730]],

         ...,

         [[ 0.1496,  0.4725,  0.0703,  ..., -0.1342, -0.1502, -0.2037],
          [-0.1986, -0.2181, -0.2728,  ..., -0.1785, -0.2518, -0.2460],
          [-0.2512, -0.2783, -0.2602,  ..., -0.2138, -0.1367, -0.0466],
          ...,
          [-0.2753, -0.2137, -0.1930,  ..., -0.2317, -0.2272, -0.1895],
          [-0.2678, -0.2785, -0.2660,  ..., -0.2277, -0.2574, -0.2706],
          [ 0.1504,  0.4078,  0.0210,  ..., -0.2748, -0.0370,  0.2611]],

         [[ 0.0545, -0.0376, -0.0719,  ...,  0.4915,  0.2831,  0.2283],
          [-0.0756, -0.1002, -0.1008,  ...,  0.3682,  0.2197,  0.0023],
          [-0.0968, -0.0651, -0.0513,  ...,  0.3354,  0.2061,  0.1145],
          ...,
          [ 0.3054, -0.0317, -0.0509,  ...,  0.5787,  0.2277,  0.2184],
          [ 0.2099, -0.0102, -0.0647,  ...,  0.1946,  0.0760, -0.0531],
          [ 0.3239,  0.0175,  0.0464,  ..., -0.1844,  0.3015, -0.0073]],

         [[ 0.1819,  0.2423,  0.3145,  ...,  0.1328,  0.0792,  0.1659],
          [ 0.0716,  0.3074,  0.4960,  ...,  0.3471,  0.4735,  0.2868],
          [ 0.1297,  0.3095,  0.5259,  ...,  0.0634, -0.0987, -0.1515],
          ...,
          [ 0.1222,  0.2335,  0.0677,  ..., -0.1422,  0.1613, -0.1551],
          [ 0.1167,  0.3469,  0.2089,  ..., -0.1518, -0.0136, -0.0452],
          [ 0.3286,  0.3008,  0.1222,  ...,  0.3022, -0.2311, -0.0923]]]])tensor([[[[-0.1878, -0.1878, -0.2331,  ..., -0.2424, -0.2368, -0.2368],
          [-0.1878, -0.1878, -0.2331,  ..., -0.2424, -0.2368, -0.2368],
          [-0.1723, -0.1723, -0.2261,  ..., -0.2474, -0.1772, -0.1772],
          ...,
          [-0.2677, -0.2677, -0.2650,  ..., -0.2610, -0.2185, -0.2185],
          [-0.2784, -0.2784, -0.2769,  ..., -0.2777, -0.2148, -0.2148],
          [-0.2784, -0.2784, -0.2769,  ..., -0.2777, -0.2148, -0.2148]],

         [[ 0.0308,  0.0308,  0.1742,  ...,  0.7557,  0.3717,  0.3717],
          [ 0.0308,  0.0308,  0.1742,  ...,  0.7557,  0.3717,  0.3717],
          [-0.0338, -0.0338,  0.0458,  ...,  0.2083, -0.0201, -0.0201],
          ...,
          [-0.0335, -0.0335,  0.0711,  ...,  0.4375,  0.1062,  0.1062],
          [ 0.1329,  0.1329,  0.0580,  ..., -0.2441, -0.2128, -0.2128],
          [ 0.1329,  0.1329,  0.0580,  ..., -0.2441, -0.2128, -0.2128]],

         [[-0.2141, -0.2141,  0.0014,  ..., -0.0825, -0.1535, -0.1535],
          [-0.2141, -0.2141,  0.0014,  ..., -0.0825, -0.1535, -0.1535],
          [-0.2111, -0.2111, -0.0514,  ..., -0.1970, -0.2289, -0.2289],
          ...,
          [-0.2778, -0.2778, -0.1990,  ...,  1.2888,  1.4166,  1.4166],
          [-0.2585, -0.2585, -0.2118,  ..., -0.2101,  1.0730,  1.0730],
          [-0.2585, -0.2585, -0.2118,  ..., -0.2101,  1.0730,  1.0730]],

         ...,

         [[ 0.1496,  0.1496,  0.4725,  ..., -0.1502, -0.2037, -0.2037],
          [ 0.1496,  0.1496,  0.4725,  ..., -0.1502, -0.2037, -0.2037],
          [-0.1986, -0.1986, -0.2181,  ..., -0.2518, -0.2460, -0.2460],
          ...,
          [-0.2678, -0.2678, -0.2785,  ..., -0.2574, -0.2706, -0.2706],
          [ 0.1504,  0.1504,  0.4078,  ..., -0.0370,  0.2611,  0.2611],
          [ 0.1504,  0.1504,  0.4078,  ..., -0.0370,  0.2611,  0.2611]],

         [[ 0.0545,  0.0545, -0.0376,  ...,  0.2831,  0.2283,  0.2283],
          [ 0.0545,  0.0545, -0.0376,  ...,  0.2831,  0.2283,  0.2283],
          [-0.0756, -0.0756, -0.1002,  ...,  0.2197,  0.0023,  0.0023],
          ...,
          [ 0.2099,  0.2099, -0.0102,  ...,  0.0760, -0.0531, -0.0531],
          [ 0.3239,  0.3239,  0.0175,  ...,  0.3015, -0.0073, -0.0073],
          [ 0.3239,  0.3239,  0.0175,  ...,  0.3015, -0.0073, -0.0073]],

         [[ 0.1819,  0.1819,  0.2423,  ...,  0.0792,  0.1659,  0.1659],
          [ 0.1819,  0.1819,  0.2423,  ...,  0.0792,  0.1659,  0.1659],
          [ 0.0716,  0.0716,  0.3074,  ...,  0.4735,  0.2868,  0.2868],
          ...,
          [ 0.1167,  0.1167,  0.3469,  ..., -0.0136, -0.0452, -0.0452],
          [ 0.3286,  0.3286,  0.3008,  ..., -0.2311, -0.0923, -0.0923],
          [ 0.3286,  0.3286,  0.3008,  ..., -0.2311, -0.0923, -0.0923]]]])tensor([[[[-0.1878, -0.1878, -0.2331,  ..., -0.2424, -0.2368, -0.2368],
          [-0.1878, -0.1878, -0.2331,  ..., -0.2424, -0.2368, -0.2368],
          [-0.1723, -0.1723, -0.2261,  ..., -0.2474, -0.1772, -0.1772],
          ...,
          [-0.2677, -0.2677, -0.2650,  ..., -0.2610, -0.2185, -0.2185],
          [-0.2784, -0.2784, -0.2769,  ..., -0.2777, -0.2148, -0.2148],
          [-0.2784, -0.2784, -0.2769,  ..., -0.2777, -0.2148, -0.2148]],

         [[ 0.0308,  0.0308,  0.1742,  ...,  0.7557,  0.3717,  0.3717],
          [ 0.0308,  0.0308,  0.1742,  ...,  0.7557,  0.3717,  0.3717],
          [-0.0338, -0.0338,  0.0458,  ...,  0.2083, -0.0201, -0.0201],
          ...,
          [-0.0335, -0.0335,  0.0711,  ...,  0.4375,  0.1062,  0.1062],
          [ 0.1329,  0.1329,  0.0580,  ..., -0.2441, -0.2128, -0.2128],
          [ 0.1329,  0.1329,  0.0580,  ..., -0.2441, -0.2128, -0.2128]],

         [[-0.2141, -0.2141,  0.0014,  ..., -0.0825, -0.1535, -0.1535],
          [-0.2141, -0.2141,  0.0014,  ..., -0.0825, -0.1535, -0.1535],
          [-0.2111, -0.2111, -0.0514,  ..., -0.1970, -0.2289, -0.2289],
          ...,
          [-0.2778, -0.2778, -0.1990,  ...,  1.2888,  1.4166,  1.4166],
          [-0.2585, -0.2585, -0.2118,  ..., -0.2101,  1.0730,  1.0730],
          [-0.2585, -0.2585, -0.2118,  ..., -0.2101,  1.0730,  1.0730]],

         ...,

         [[-0.1112, -0.1886, -0.0872,  ..., -0.0394,  0.0026, -0.0464],
          [-0.2708, -0.2632, -0.2535,  ..., -0.2730, -0.2285, -0.1857],
          [-0.2434, -0.2458, -0.1136,  ..., -0.0902, -0.1546, -0.2693],
          ...,
          [-0.1006,  0.2152,  0.0157,  ..., -0.2783, -0.2609, -0.2754],
          [-0.1077, -0.1780, -0.0747,  ..., -0.1998, -0.2732, -0.2780],
          [-0.1830, -0.2699, -0.1957,  ..., -0.2621, -0.1700,  0.0293]],

         [[-0.2508, -0.2256, -0.2408,  ..., -0.2362, -0.2619, -0.2784],
          [-0.2707, -0.2642, -0.2770,  ..., -0.2771, -0.2739, -0.1981],
          [-0.2238, -0.2774, -0.2706,  ..., -0.2770, -0.2708, -0.1930],
          ...,
          [-0.2676, -0.1587, -0.2631,  ..., -0.1963, -0.2404, -0.1104],
          [-0.2783, -0.1508, -0.2239,  ..., -0.2719, -0.2054, -0.1516],
          [-0.2419, -0.2683, -0.2765,  ..., -0.2205, -0.2492, -0.1192]],

         [[ 0.0457,  1.1840,  0.3021,  ...,  0.4071,  0.0280, -0.0920],
          [ 0.6623,  1.1142,  0.4415,  ...,  0.2284, -0.2713, -0.2781],
          [ 0.5771,  1.3634,  0.4001,  ...,  0.4669, -0.1806, -0.2650],
          ...,
          [ 0.5350,  1.1037,  0.6231,  ...,  0.1762, -0.2623, -0.2763],
          [ 0.7630,  1.2077,  0.3493,  ..., -0.0846,  0.2065, -0.1538],
          [ 0.6238,  1.0635,  0.6473,  ..., -0.2414, -0.0746,  0.1715]]]])tensor([[[[ 0.1149, -0.0242,  0.0186,  ..., -0.0347, -0.0046, -0.1189],
          [ 0.1355,  0.1183,  0.0733,  ..., -0.0996, -0.1307, -0.2246],
          [ 0.0868, -0.0075, -0.0269,  ...,  0.1088,  0.2328, -0.0437],
          ...,
          [ 0.1805,  0.1280,  0.1107,  ...,  0.2300,  0.1501,  0.0439],
          [ 0.1768,  0.1013,  0.1017,  ...,  0.4477,  0.3713,  0.3989],
          [ 0.4057,  0.4655,  0.6198,  ...,  0.7104,  0.6416,  0.8473]],

         [[-0.2749, -0.2771, -0.2703,  ..., -0.2546, -0.0489,  0.2781],
          [-0.2767, -0.2236, -0.2757,  ..., -0.2765, -0.2266, -0.2662],
          [-0.2681, -0.2336, -0.2707,  ..., -0.2734, -0.2543, -0.1956],
          ...,
          [-0.2719, -0.2444, -0.2784,  ..., -0.2650, -0.2567, -0.0557],
          [-0.2628, -0.2332, -0.2678,  ...,  0.1626, -0.2785, -0.1765],
          [-0.2721, -0.2782, -0.2733,  ...,  0.2902, -0.2758, -0.2607]],

         [[ 2.2053,  2.3586,  1.9819,  ...,  1.9558,  1.6977,  2.3150],
          [ 0.6472,  0.3245,  0.4559,  ...,  0.5242,  0.1921,  0.9303],
          [ 1.6909,  1.3170,  1.2148,  ...,  1.0290,  1.0221,  1.5913],
          ...,
          [ 1.0213,  0.4745,  0.8582,  ...,  1.5869,  1.0326,  1.9995],
          [ 0.5527,  0.2981,  0.6884,  ...,  0.8841,  0.7067,  1.7507],
          [ 1.1147,  0.6908,  1.0198,  ...,  1.0164,  1.1065,  2.0375]],

         ...,

         [[ 0.1405, -0.1394, -0.1088,  ..., -0.2770, -0.2645, -0.2138],
          [-0.1174, -0.0725, -0.1362,  ..., -0.2741, -0.2777, -0.2346],
          [-0.0866, -0.1240, -0.1979,  ..., -0.2161, -0.2785, -0.2448],
          ...,
          [-0.2757, -0.2732, -0.2154,  ..., -0.0869, -0.2182, -0.2231],
          [-0.2385, -0.2365, -0.1958,  ..., -0.0617, -0.2322, -0.2073],
          [-0.1731, -0.0864, -0.0907,  ..., -0.0357, -0.2568, -0.2713]],

         [[ 0.1802,  0.0263,  0.0174,  ..., -0.0083,  0.1316,  0.2057],
          [ 0.3394,  0.2894,  0.2178,  ...,  0.2636,  0.1675,  0.1491],
          [ 0.3108,  0.2917,  0.2104,  ...,  0.4154,  0.5136,  0.3828],
          ...,
          [ 0.1809,  0.1908,  0.0380,  ...,  0.3795,  0.4116,  0.2274],
          [ 0.1261,  0.1455, -0.0219,  ...,  0.3145,  0.4193,  0.2655],
          [ 0.3017,  0.3507,  0.2023,  ...,  0.1106,  0.4242,  0.4305]],

         [[-0.2342, -0.1883, -0.1235,  ...,  1.2696, -0.1387, -0.2743],
          [-0.2647, -0.2341, -0.1146,  ...,  1.0372, -0.0090, -0.2777],
          [-0.2659, -0.2320, -0.1333,  ...,  2.0251, -0.1325, -0.2771],
          ...,
          [-0.2783, -0.0952,  0.4069,  ...,  0.5170, -0.2278, -0.2477],
          [-0.2647,  0.1502,  0.5179,  ..., -0.0295, -0.1139, -0.2435],
          [-0.0729,  0.3590,  0.7465,  ...,  0.4563, -0.0589, -0.2779]]]])tensor([[[[-2.7392e-01, -6.9804e-02, -5.1815e-02,  ..., -2.7818e-01,  9.1773e-02, -2.7714e-01],
          [-2.7664e-01, -3.0633e-02,  1.1791e-01,  ..., -2.7601e-01,  5.1623e-01, -1.8574e-01],
          [-2.7752e-01,  8.7918e-02,  3.2448e-01,  ..., -1.1296e-01,  3.3726e-01, -2.7715e-01],
          ...,
          [-2.5302e-01,  1.4385e-01, -3.2473e-02,  ..., -2.6495e-01,  1.4215e+00, -2.6396e-01],
          [-2.6627e-01,  8.5479e-02,  2.5559e-01,  ..., -2.7711e-01,  1.6031e-01, -1.9607e-01],
          [-2.7823e-01,  1.9657e-01,  4.9944e-01,  ..., -2.2557e-01, -2.7444e-01, -2.2613e-01]],

         [[-3.1843e-02, -2.5674e-01, -6.9755e-02,  ..., -2.7653e-01, -8.4701e-02,  4.6489e-01],
          [-2.6830e-01, -2.5979e-01, -1.9821e-01,  ..., -2.2785e-01, -2.7552e-01,  7.3011e-01],
          [-2.7126e-01, -2.7410e-01, -2.1659e-01,  ..., -2.5342e-01, -1.9343e-01,  1.0898e+00],
          ...,
          [-1.5771e-01, -1.8837e-01,  1.1498e-01,  ..., -2.2848e-01, -2.6822e-01, -7.5947e-02],
          [-2.4345e-01, -1.7978e-01, -2.0389e-01,  ..., -2.6718e-01, -2.7420e-01,  1.0905e-01],
          [-2.5000e-01, -1.9417e-01, -2.3468e-01,  ..., -1.9082e-01, -2.4043e-01,  3.2683e-01]],

         [[-4.2788e-02,  6.2277e-01, -6.8923e-02,  ..., -8.4322e-02, -2.7064e-01, -2.5257e-01],
          [ 3.3589e-02,  1.1269e+00, -1.8944e-01,  ...,  4.0206e-01, -2.7724e-01, -2.7560e-01],
          [-6.3306e-02,  1.0449e+00, -9.7277e-02,  ..., -2.5607e-01, -2.6761e-01, -2.6104e-01],
          ...,
          [-2.7717e-01,  1.3708e+00, -2.7670e-01,  ...,  9.2374e-01, -1.6552e-03,  1.4369e-02],
          [-2.4558e-01,  1.2565e+00, -2.7188e-01,  ...,  1.2454e+00, -1.7477e-02, -1.7627e-01],
          [-2.7448e-01,  1.2818e+00, -2.3855e-01,  ..., -2.4845e-01,  1.4326e-02, -2.1672e-01]],

         ...,

         [[-2.7479e-01, -2.7569e-01, -2.7825e-01,  ...,  1.2383e-03, -2.6243e-01, -2.7844e-01],
          [-1.8621e-01, -1.8091e-01, -2.6257e-01,  ..., -1.9658e-01, -2.7528e-01, -1.8917e-01],
          [-1.7010e-01, -2.0623e-01, -2.7109e-01,  ..., -2.3264e-01, -1.0023e-01, -2.0964e-01],
          ...,
          [-2.0433e-01, -2.3998e-01, -2.2832e-01,  ..., -2.5168e-01, -2.7655e-01, -1.9081e-01],
          [-1.8311e-01, -2.2371e-01, -2.6460e-01,  ..., -1.4875e-01, -2.7842e-01, -2.3995e-01],
          [-2.1286e-01, -1.8921e-01, -2.1848e-01,  ..., -7.0541e-02, -2.4179e-01, -2.7824e-01]],

         [[ 1.9898e-01,  4.3871e-01,  9.0967e-01,  ..., -2.0579e-01, -2.7770e-01, -1.8332e-01],
          [-2.6575e-01, -2.7830e-01, -2.7846e-01,  ..., -2.7262e-01, -2.3122e-01, -2.7021e-01],
          [-2.6251e-01, -2.6226e-01, -2.7545e-01,  ..., -2.2741e-01,  1.8114e-01,  4.2928e-01],
          ...,
          [-1.4778e-01, -7.8177e-02, -7.1164e-02,  ..., -1.0210e-01, -3.3813e-02, -8.3008e-02],
          [-1.2683e-01, -6.7561e-02, -5.3620e-02,  ..., -1.4922e-01, -5.4731e-02, -1.2948e-01],
          [-2.2216e-01, -2.0099e-01, -2.2427e-01,  ..., -2.0005e-01, -2.6270e-01, -2.2323e-01]],

         [[-4.3192e-02, -1.1289e-01,  2.2308e-03,  ..., -2.5986e-01, -2.1716e-01, -2.7806e-01],
          [-2.7836e-01, -2.7835e-01, -2.7351e-01,  ...,  9.6378e-02, -2.5103e-01, -2.7721e-01],
          [-2.7430e-01, -2.7602e-01, -2.6727e-01,  ..., -2.0575e-01,  1.8172e-01,  3.8067e-02],
          ...,
          [-2.7814e-01, -2.6795e-01, -2.7296e-01,  ..., -1.6054e-01, -2.7425e-01, -2.6197e-01],
          [-2.4581e-01, -2.7179e-01, -2.6126e-01,  ..., -2.7105e-01, -1.8213e-01, -2.7728e-01],
          [-7.6500e-02,  3.2720e-01,  1.2279e-01,  ..., -2.3650e-01, -2.6297e-03, -1.2699e-01]]]])tensor([[[[-0.2739, -0.0698, -0.0518,  ..., -0.2782,  0.0918, -0.2771],
          [-0.2766, -0.0306,  0.1179,  ..., -0.2760,  0.5162, -0.1857],
          [-0.2775,  0.0879,  0.3245,  ..., -0.1130,  0.3373, -0.2771],
          ...,
          [-0.2530,  0.1439, -0.0325,  ..., -0.2650,  1.4215, -0.2640],
          [-0.2663,  0.0855,  0.2556,  ..., -0.2771,  0.1603, -0.1961],
          [-0.2782,  0.1966,  0.4994,  ..., -0.2256, -0.2744, -0.2261]],

         [[-0.0318, -0.2567, -0.0698,  ..., -0.2765, -0.0847,  0.4649],
          [-0.2683, -0.2598, -0.1982,  ..., -0.2279, -0.2755,  0.7301],
          [-0.2713, -0.2741, -0.2166,  ..., -0.2534, -0.1934,  1.0898],
          ...,
          [-0.1577, -0.1884,  0.1150,  ..., -0.2285, -0.2682, -0.0759],
          [-0.2434, -0.1798, -0.2039,  ..., -0.2672, -0.2742,  0.1091],
          [-0.2500, -0.1942, -0.2347,  ..., -0.1908, -0.2404,  0.3268]],

         [[-0.0428,  0.6228, -0.0689,  ..., -0.0843, -0.2706, -0.2526],
          [ 0.0336,  1.1269, -0.1894,  ...,  0.4021, -0.2772, -0.2756],
          [-0.0633,  1.0449, -0.0973,  ..., -0.2561, -0.2676, -0.2610],
          ...,
          [-0.2772,  1.3708, -0.2767,  ...,  0.9237, -0.0017,  0.0144],
          [-0.2456,  1.2565, -0.2719,  ...,  1.2454, -0.0175, -0.1763],
          [-0.2745,  1.2818, -0.2385,  ..., -0.2485,  0.0143, -0.2167]],

         ...,

         [[ 0.1496,  0.4725,  0.0703,  ..., -0.1342, -0.1502, -0.2037],
          [-0.1986, -0.2181, -0.2728,  ..., -0.1785, -0.2518, -0.2460],
          [-0.2512, -0.2783, -0.2602,  ..., -0.2138, -0.1367, -0.0466],
          ...,
          [-0.2753, -0.2137, -0.1930,  ..., -0.2317, -0.2272, -0.1895],
          [-0.2678, -0.2785, -0.2660,  ..., -0.2277, -0.2574, -0.2706],
          [ 0.1504,  0.4078,  0.0210,  ..., -0.2748, -0.0370,  0.2611]],

         [[ 0.0545, -0.0376, -0.0719,  ...,  0.4915,  0.2831,  0.2283],
          [-0.0756, -0.1002, -0.1008,  ...,  0.3682,  0.2197,  0.0023],
          [-0.0968, -0.0651, -0.0513,  ...,  0.3354,  0.2061,  0.1145],
          ...,
          [ 0.3054, -0.0317, -0.0509,  ...,  0.5787,  0.2277,  0.2184],
          [ 0.2099, -0.0102, -0.0647,  ...,  0.1946,  0.0760, -0.0531],
          [ 0.3239,  0.0175,  0.0464,  ..., -0.1844,  0.3015, -0.0073]],

         [[ 0.1819,  0.2423,  0.3145,  ...,  0.1328,  0.0792,  0.1659],
          [ 0.0716,  0.3074,  0.4960,  ...,  0.3471,  0.4735,  0.2868],
          [ 0.1297,  0.3095,  0.5259,  ...,  0.0634, -0.0987, -0.1515],
          ...,
          [ 0.1222,  0.2335,  0.0677,  ..., -0.1422,  0.1613, -0.1551],
          [ 0.1167,  0.3469,  0.2089,  ..., -0.1518, -0.0136, -0.0452],
          [ 0.3286,  0.3008,  0.1222,  ...,  0.3022, -0.2311, -0.0923]]]])tensor([[[[-0.2037, -0.2157, -0.0353,  ..., -0.1241, -0.2152, -0.2737],
          [-0.2644, -0.2354,  0.2418,  ..., -0.1688, -0.2122, -0.2492],
          [-0.2553, -0.1402,  0.5464,  ..., -0.2777, -0.2784, -0.2770],
          ...,
          [-0.2221, -0.2781, -0.1063,  ..., -0.2147, -0.2014, -0.1543],
          [-0.2003, -0.2758, -0.2307,  ..., -0.2123, -0.2512, -0.0818],
          [-0.1137, -0.2069, -0.1582,  ..., -0.1746, -0.2667, -0.2108]],

         [[-0.0137,  0.0434, -0.2076,  ..., -0.1979, -0.2548, -0.2318],
          [ 0.0081, -0.1401, -0.2673,  ..., -0.2430, -0.2617, -0.2672],
          [ 0.1067, -0.2464, -0.2749,  ..., -0.2780, -0.2577,  0.0634],
          ...,
          [ 0.3697, -0.1692, -0.2733,  ..., -0.2610, -0.1009, -0.2680],
          [ 0.1602, -0.0288, -0.2614,  ..., -0.2633, -0.2263, -0.2785],
          [ 0.2375,  0.4319, -0.1448,  ..., -0.2749, -0.2577, -0.2141]],

         [[ 0.0722, -0.1935, -0.1056,  ..., -0.2270, -0.1781,  0.0617],
          [ 0.0602, -0.2266, -0.1255,  ..., -0.0199, -0.1485,  0.1224],
          [ 0.0187, -0.1529, -0.0259,  ..., -0.2065, -0.1995, -0.0208],
          ...,
          [-0.1473, -0.1600, -0.0027,  ..., -0.0513, -0.1494,  0.0500],
          [-0.1966, -0.2781, -0.2677,  ..., -0.2714, -0.2752, -0.2464],
          [ 0.0471,  0.0331, -0.0509,  ..., -0.1497, -0.1051, -0.0561]],

         ...,

         [[ 0.4861,  0.5567,  0.5305,  ...,  0.5163,  0.5698,  0.5823],
          [ 0.4669,  0.3615,  0.5071,  ...,  0.6416,  0.5768,  0.5427],
          [ 0.9963,  1.5166,  1.6290,  ...,  0.8346,  0.9302,  0.8881],
          ...,
          [ 0.3674,  0.6816,  0.7972,  ...,  0.4933,  0.6054,  0.1657],
          [ 0.3507,  0.6473,  0.6219,  ...,  0.3508,  0.5646,  0.4016],
          [ 0.4082,  0.7931,  0.8624,  ...,  0.1995,  0.6034,  0.5885]],

         [[ 1.1435,  1.0169,  1.1455,  ...,  1.1742,  1.1771,  1.0492],
          [ 1.0452,  0.7039,  0.6557,  ...,  0.5329,  0.6822,  1.1546],
          [ 1.1534,  0.8930,  0.8705,  ...,  0.5665,  0.6439,  1.3598],
          ...,
          [ 0.8020,  0.3610,  0.3869,  ...,  0.8166,  1.0325,  1.0004],
          [ 0.8379,  0.6094,  0.6739,  ...,  0.1215,  0.9942,  1.7962],
          [ 0.7994,  0.4417,  0.5581,  ...,  0.3625,  0.7841,  1.5806]],

         [[-0.1480, -0.2305, -0.2611,  ..., -0.0879, -0.2439, -0.1435],
          [-0.2431, -0.2770, -0.2776,  ..., -0.0092, -0.1142, -0.2146],
          [-0.1962, -0.2540, -0.2169,  ..., -0.1459, -0.2018, -0.0409],
          ...,
          [-0.2610, -0.2462, -0.2213,  ..., -0.2784, -0.2681, -0.2408],
          [-0.2598, -0.2607, -0.2220,  ..., -0.2777, -0.2781, -0.2712],
          [-0.2611, -0.2059, -0.1412,  ..., -0.2744, -0.2703, -0.2052]]]])tensor([[[[-0.1984, -0.1646, -0.1559,  ...,  0.0342,  0.1713,  0.0969],
          [-0.2582, -0.2610, -0.2288,  ..., -0.0797, -0.1321, -0.1100],
          [-0.2782, -0.2784, -0.2750,  ..., -0.2634, -0.2740, -0.2552],
          ...,
          [-0.2767, -0.2620, -0.2492,  ...,  0.1291,  0.0272,  0.3364],
          [-0.2767, -0.2596, -0.2657,  ..., -0.2741,  0.0547,  0.3683],
          [-0.2778, -0.2361, -0.2496,  ..., -0.2784, -0.2688,  0.1085]],

         [[-0.2782, -0.2686, -0.2780,  ..., -0.1797, -0.2508, -0.2336],
          [-0.2781, -0.2430, -0.2734,  ..., -0.2178, -0.2391, -0.2108],
          [-0.2771, -0.1748, -0.1679,  ..., -0.2785, -0.2007, -0.1919],
          ...,
          [-0.2383, -0.2125,  0.3920,  ..., -0.2327, -0.1994, -0.2128],
          [-0.2540, -0.1901, -0.0983,  ..., -0.2731, -0.1392, -0.0807],
          [-0.2579, -0.2159, -0.2214,  ..., -0.1779, -0.2731, -0.2573]],

         [[ 0.0318,  0.1461,  0.2725,  ..., -0.2433, -0.2428, -0.2011],
          [-0.0893,  0.1095,  0.1584,  ..., -0.2079, -0.1623, -0.1490],
          [-0.0581, -0.0237, -0.0471,  ..., -0.2484,  0.1510,  0.9597],
          ...,
          [ 0.2348,  0.6714,  0.0890,  ...,  0.1309,  0.3854,  0.4080],
          [ 0.1685,  0.3945,  0.5325,  ..., -0.0629,  0.4587,  0.3900],
          [ 0.1443,  0.1678,  0.3926,  ...,  0.4264,  0.1556,  0.3366]],

         ...,

         [[-0.2701, -0.1676, -0.2139,  ..., -0.0686, -0.2586, -0.2721],
          [-0.2768, -0.1855,  0.0253,  ..., -0.1190, -0.2223, -0.2426],
          [-0.2784, -0.0016,  0.4177,  ..., -0.2705, -0.2754, -0.2527],
          ...,
          [-0.2211, -0.2781,  0.4097,  ...,  0.1496,  0.6239, -0.2766],
          [ 0.1896, -0.2653,  0.1556,  ...,  0.1958,  0.2465, -0.2784],
          [ 0.1635, -0.1025, -0.0885,  ...,  0.0963,  0.3234, -0.1382]],

         [[-0.1145, -0.0287,  0.3827,  ..., -0.1207, -0.1930, -0.0691],
          [-0.1985, -0.1897, -0.1906,  ...,  0.0950,  0.0090,  0.2476],
          [-0.2163, -0.2778, -0.2672,  ..., -0.1530, -0.1124,  0.3085],
          ...,
          [-0.1761,  0.8508,  1.1696,  ...,  0.8525,  0.0449, -0.1371],
          [-0.0763,  0.2535,  0.0904,  ..., -0.1652, -0.0208, -0.1596],
          [-0.0552,  0.0785, -0.0680,  ...,  0.6749,  0.0185, -0.1036]],

         [[ 0.0659, -0.0033,  0.4860,  ...,  0.3019, -0.2560,  0.4288],
          [-0.0791, -0.0928, -0.0211,  ..., -0.1154, -0.2304,  0.0252],
          [-0.0166,  0.0663, -0.0959,  ..., -0.0225, -0.1889,  0.0689],
          ...,
          [-0.0275, -0.2595,  0.4837,  ...,  0.5709,  0.1214,  0.3335],
          [ 0.1671, -0.0584,  0.6158,  ...,  0.1503, -0.1129,  0.2285],
          [ 0.0225,  0.3452,  0.5942,  ...,  0.0812, -0.2460, -0.0281]]]])tensor([[[[-1.9837e-01, -1.6455e-01, -1.5593e-01,  ...,  3.4217e-02,  1.7133e-01,  9.6880e-02],
          [-2.5818e-01, -2.6105e-01, -2.2876e-01,  ..., -7.9742e-02, -1.3212e-01, -1.1000e-01],
          [-2.7823e-01, -2.7839e-01, -2.7496e-01,  ..., -2.6345e-01, -2.7403e-01, -2.5516e-01],
          ...,
          [-2.7665e-01, -2.6201e-01, -2.4921e-01,  ...,  1.2907e-01,  2.7161e-02,  3.3636e-01],
          [-2.7668e-01, -2.5965e-01, -2.6569e-01,  ..., -2.7406e-01,  5.4667e-02,  3.6827e-01],
          [-2.7781e-01, -2.3610e-01, -2.4960e-01,  ..., -2.7836e-01, -2.6885e-01,  1.0854e-01]],

         [[-2.7820e-01, -2.6862e-01, -2.7795e-01,  ..., -1.7971e-01, -2.5080e-01, -2.3364e-01],
          [-2.7812e-01, -2.4301e-01, -2.7344e-01,  ..., -2.1779e-01, -2.3912e-01, -2.1085e-01],
          [-2.7707e-01, -1.7478e-01, -1.6793e-01,  ..., -2.7846e-01, -2.0072e-01, -1.9193e-01],
          ...,
          [-2.3829e-01, -2.1246e-01,  3.9199e-01,  ..., -2.3268e-01, -1.9941e-01, -2.1279e-01],
          [-2.5402e-01, -1.9013e-01, -9.8254e-02,  ..., -2.7311e-01, -1.3921e-01, -8.0736e-02],
          [-2.5791e-01, -2.1586e-01, -2.2144e-01,  ..., -1.7792e-01, -2.7312e-01, -2.5731e-01]],

         [[ 3.1831e-02,  1.4615e-01,  2.7250e-01,  ..., -2.4326e-01, -2.4282e-01, -2.0107e-01],
          [-8.9266e-02,  1.0949e-01,  1.5837e-01,  ..., -2.0787e-01, -1.6233e-01, -1.4898e-01],
          [-5.8055e-02, -2.3660e-02, -4.7088e-02,  ..., -2.4842e-01,  1.5095e-01,  9.5966e-01],
          ...,
          [ 2.3479e-01,  6.7140e-01,  8.8997e-02,  ...,  1.3094e-01,  3.8541e-01,  4.0797e-01],
          [ 1.6852e-01,  3.9450e-01,  5.3251e-01,  ..., -6.2876e-02,  4.5870e-01,  3.8998e-01],
          [ 1.4430e-01,  1.6778e-01,  3.9262e-01,  ...,  4.2638e-01,  1.5562e-01,  3.3656e-01]],

         ...,

         [[-1.9190e-01, -1.9085e-01, -2.0391e-01,  ..., -1.5885e-01, -2.0519e-01, -1.8345e-01],
          [-1.2974e-01, -1.3806e-01, -1.9245e-01,  ..., -9.6707e-02, -1.4836e-01, -9.0609e-02],
          [-1.4303e-01, -1.5521e-01, -2.5415e-01,  ..., -4.4735e-02, -6.7306e-02, -8.4900e-02],
          ...,
          [-2.0340e-01, -1.4670e-01, -1.0220e-01,  ..., -1.0929e-01, -1.1693e-01, -1.9583e-01],
          [-2.0491e-01, -1.8178e-01, -1.1930e-01,  ..., -2.0097e-01, -1.9035e-01, -1.3838e-01],
          [-2.1252e-01, -2.4621e-01, -2.2731e-01,  ..., -2.7284e-01, -2.1188e-01, -2.5512e-01]],

         [[-1.3850e-01,  6.8664e-02,  1.4016e-02,  ..., -2.6601e-01, -2.5607e-01, -2.4026e-01],
          [-1.3958e-01,  5.9586e-02,  8.0077e-03,  ..., -2.7845e-01, -2.7606e-01, -2.7361e-01],
          [-1.2572e-01,  8.8780e-02, -7.8461e-04,  ..., -2.7777e-01, -2.7152e-01, -2.3493e-01],
          ...,
          [-1.1013e-01, -1.9556e-01, -1.5981e-01,  ..., -2.4014e-01, -2.7516e-01, -2.6859e-01],
          [-1.8908e-02, -1.7236e-01, -1.5390e-01,  ..., -1.6855e-01, -2.5749e-01, -2.7846e-01],
          [-1.5755e-03,  5.2878e-02, -6.7561e-02,  ...,  4.6101e-02, -1.3419e-01, -2.5924e-01]],

         [[-1.8459e-01, -1.4061e-01, -1.7303e-01,  ..., -2.5030e-01, -2.0500e-01, -1.7921e-01],
          [-2.0352e-01, -2.1572e-01, -1.8652e-01,  ..., -2.4009e-01, -1.8648e-01, -1.5559e-01],
          [-2.1436e-01, -2.1663e-01, -1.8034e-01,  ..., -1.7762e-01, -1.6507e-01, -1.9888e-01],
          ...,
          [-4.4154e-02, -4.4400e-02, -6.4280e-02,  ..., -8.1009e-02, -5.2103e-02, -4.6777e-02],
          [-8.5019e-02, -6.2587e-02, -7.5383e-02,  ..., -1.2846e-01, -6.1976e-02, -4.1012e-02],
          [-1.2027e-01, -1.1372e-01, -1.0459e-01,  ..., -2.3846e-01, -1.5705e-01, -6.3876e-02]]]])tensor([[[[-0.2782, -0.1955, -0.2474,  ..., -0.1924, -0.2346, -0.2703],
          [-0.1956, -0.1004, -0.1446,  ..., -0.2785, -0.2767, -0.2752],
          [-0.2566, -0.1165, -0.2252,  ...,  0.4207, -0.1892, -0.0844],
          ...,
          [ 0.2158,  0.5624,  1.2558,  ..., -0.0061,  0.2692, -0.0151],
          [-0.2319, -0.2505, -0.2469,  ..., -0.1618,  0.4027,  0.3253],
          [-0.0870, -0.1994, -0.2743,  ..., -0.2626,  0.0728,  0.2031]],

         [[-0.0271, -0.1231,  0.2194,  ...,  0.0975, -0.0464,  0.0709],
          [-0.2235, -0.2784, -0.2641,  ..., -0.2785, -0.2781, -0.2248],
          [-0.2705, -0.2737, -0.2771,  ..., -0.2784, -0.2757, -0.1706],
          ...,
          [-0.2480,  0.0284, -0.1854,  ..., -0.2308, -0.1722,  1.2765],
          [-0.2015, -0.1644, -0.2253,  ..., -0.2703, -0.2415, -0.2002],
          [-0.2061, -0.1403, -0.1726,  ..., -0.1122, -0.0731, -0.2090]],

         [[-0.2673, -0.2781, -0.2722,  ..., -0.2633, -0.2709, -0.2732],
          [-0.2639, -0.2776, -0.2703,  ..., -0.2784, -0.2670, -0.2565],
          [-0.2770, -0.2770, -0.2712,  ...,  0.0680,  0.2017, -0.2118],
          ...,
          [-0.2181, -0.2638, -0.2378,  ...,  0.0767,  0.1799, -0.1431],
          [-0.2695, -0.2779, -0.2411,  ..., -0.1056,  0.1332, -0.2522],
          [-0.2749, -0.2776, -0.2740,  ..., -0.2594,  0.0721, -0.0232]],

         ...,

         [[-0.2739, -0.2755, -0.2781,  ..., -0.2534, -0.2681, -0.2651],
          [-0.2785, -0.2705, -0.2612,  ..., -0.2780, -0.1995, -0.2754],
          [-0.2728, -0.2573, -0.2738,  ..., -0.2247, -0.2735, -0.2553],
          ...,
          [-0.0609, -0.1976, -0.2130,  ..., -0.2784, -0.2222, -0.0127],
          [-0.0549, -0.2099, -0.1402,  ..., -0.2138, -0.2658, -0.1895],
          [ 0.0119,  0.0193, -0.1021,  ..., -0.2720, -0.2463, -0.2470]],

         [[-0.1843, -0.2780, -0.2579,  ..., -0.1539, -0.1573, -0.2785],
          [-0.2620, -0.1382, -0.1356,  ..., -0.0637, -0.0653, -0.2512],
          [-0.2586, -0.2346, -0.1444,  ..., -0.1726, -0.1528, -0.1643],
          ...,
          [-0.1831, -0.0517, -0.0102,  ..., -0.0448, -0.0919, -0.1070],
          [-0.2589, -0.2533, -0.1094,  ..., -0.2170, -0.1714, -0.1325],
          [-0.1303, -0.2143, -0.2451,  ..., -0.2358, -0.2397, -0.2483]],

         [[-0.2645, -0.2409, -0.2542,  ..., -0.2781, -0.2785, -0.2604],
          [-0.2592, -0.2388, -0.2458,  ..., -0.2745, -0.2746, -0.2784],
          [-0.2662, -0.2426, -0.2706,  ..., -0.2280, -0.2751, -0.2774],
          ...,
          [-0.1339,  0.0283, -0.1663,  ..., -0.2147, -0.2059, -0.2671],
          [-0.1920, -0.2751, -0.2165,  ..., -0.2260, -0.2413, -0.2405],
          [-0.2423, -0.2774, -0.2646,  ..., -0.2749, -0.2323, -0.2352]]]])(tensor([[[3.1765e+00, 2.0852e+01, 2.6945e+01,  ..., 5.5922e+02, 5.7846e+02, 6.1168e+02],
         [9.3086e+00, 5.0940e+00, 4.3788e+00,  ..., 5.5860e+02, 5.4739e+02, 5.2205e+02],
         [6.6241e+00, 4.1850e+01, 5.3843e+01,  ..., 1.6382e+02, 1.2364e+02, 5.6312e+01],
         ...,
         [2.2650e-07, 9.4540e-08, 6.9994e-08,  ..., 8.6474e-07, 4.3879e-07, 7.1102e-07],
         [4.6531e-07, 3.0698e-07, 2.1656e-07,  ..., 1.2705e-06, 9.8130e-07, 1.8783e-06],
         [5.0725e-07, 1.5671e-07, 1.1268e-07,  ..., 1.2475e-06, 7.9979e-07, 1.9559e-06]]]), [tensor([[[[  7.4475,   3.2393,   1.8960,  ...,  -1.4956,   3.7988,   5.4520],
          [  8.2146,   3.3022,   1.8975,  ...,  -2.3801,   0.1811,   7.1317],
          [  8.3601,   3.9406,   1.9029,  ...,  -3.2860,  -1.1401,   4.2787],
          ...,
          [  8.9250,   4.6793,   2.0298,  ...,  -0.8286,   0.3969,   5.3801],
          [  8.1781,   4.3338,   2.2583,  ...,   0.2238,   1.3593,   6.3096],
          [  6.1675,   3.4506,   2.3767,  ...,   1.7884,   1.4004,   4.8147]],

         [[  7.3621,   6.6001,   3.4448,  ...,  -0.9733,   3.9095,   6.1891],
          [  8.1439,   6.8705,   3.3729,  ...,  -1.5540,   0.7914,   7.4466],
          [  8.2939,   7.2774,   3.2725,  ...,  -2.2129,  -0.1137,   4.8326],
          ...,
          [  8.8681,   7.4572,   3.5987,  ...,   0.8785,   1.8822,   6.3041],
          [  8.0818,   6.5790,   3.4727,  ...,   1.7830,   2.4294,   7.1121],
          [  6.2644,   5.2132,   3.7659,  ...,   3.2696,   2.9292,   5.9071]],

         [[  2.9121,   6.4406,   5.7053,  ...,  -0.3043,   3.7907,   5.5856],
          [  2.6792,   6.8368,   6.1164,  ...,  -0.3578,   1.7782,   5.3042],
          [  3.0631,   7.3003,   6.0917,  ...,  -0.6185,   1.6525,   3.7098],
          ...,
          [  2.9693,   7.5549,   6.0209,  ...,   2.4378,   3.5190,   5.1719],
          [  2.9737,   6.6134,   5.5650,  ...,   3.2648,   3.7141,   5.2429],
          [  3.0151,   5.2019,   5.4008,  ...,   4.3727,   4.0788,   5.1968]],

         ...,

         [[-15.3005, -16.1742, -16.4749,  ..., -16.4788, -15.6556, -14.5320],
          [-15.2614, -15.3597, -15.6381,  ..., -15.5406, -15.6695, -15.3675],
          [-14.9978, -15.6775, -15.2798,  ..., -17.6156, -17.4761, -16.7550],
          ...,
          [-14.8020, -16.0693, -16.8828,  ..., -20.8102, -19.5295, -17.8194],
          [-14.8679, -15.7196, -16.5342,  ..., -20.1327, -19.6364, -17.7401],
          [-14.7337, -15.1080, -15.3660,  ..., -16.8153, -17.5611, -16.5794]],

         [[-14.5806, -14.9965, -15.3454,  ..., -15.1988, -15.2040, -14.5721],
          [-15.0201, -15.2263, -15.3131,  ..., -13.9621, -14.9141, -15.1978],
          [-14.9379, -15.5233, -15.2820,  ..., -15.1512, -16.0190, -16.0417],
          ...,
          [-16.1230, -17.1939, -17.4082,  ..., -17.1027, -17.2276, -16.5411],
          [-15.7346, -16.6178, -16.7820,  ..., -16.5966, -16.9386, -16.3423],
          [-15.6097, -16.1245, -16.2609,  ..., -15.2807, -16.3396, -15.7015]],

         [[-14.4943, -15.6689, -15.9987,  ..., -15.5359, -15.0259, -14.0619],
          [-15.2352, -16.1737, -16.2040,  ..., -13.5882, -14.9478, -14.2910],
          [-15.0982, -15.9569, -15.7406,  ..., -13.9805, -15.4675, -14.8370],
          ...,
          [-16.7991, -17.1142, -17.5204,  ..., -19.1477, -18.1472, -17.4063],
          [-16.5490, -16.7272, -16.8785,  ..., -18.7153, -18.1669, -17.5682],
          [-15.9635, -15.9923, -16.0418,  ..., -16.5035, -16.6388, -16.1618]]]]), tensor([[[[  5.9789,   2.5282,   2.0631,  ...,  -0.0709,   0.9186,   0.3412],
          [  6.7275,   3.6656,   2.9583,  ...,  -0.6479,   0.7570,   1.1513],
          [  7.2976,   4.0486,   3.1812,  ...,   0.0800,  -0.1957,   7.0847],
          ...,
          [  8.2677,   3.9099,   1.0651,  ...,   5.2305,   3.4993,   1.0821],
          [  7.3582,   4.0229,   1.5564,  ...,  -1.2984,   3.5111,   0.8715],
          [  5.8036,   3.4241,   1.7326,  ...,  -2.6278,   3.4963,   1.3677]],

         [[  5.6735,   4.5905,   2.7923,  ...,   0.3720,   1.3841,   1.1237],
          [  6.5418,   5.7885,   3.7091,  ...,   0.4730,   0.9742,   1.4601],
          [  7.1685,   6.3737,   3.9369,  ...,   1.0669,  -0.1949,   6.0890],
          ...,
          [  8.2122,   7.6787,   2.8809,  ...,   7.0511,   5.7461,   3.1852],
          [  7.2410,   6.8745,   3.0310,  ...,   1.0939,   6.1200,   2.8817],
          [  5.5265,   5.6255,   2.8565,  ...,   0.2673,   5.7673,   3.4187]],

         [[  3.3559,   4.2986,   4.7051,  ...,   1.3072,   3.7641,   2.2141],
          [  2.8847,   5.5777,   5.6443,  ...,   1.7087,   3.7839,   2.3562],
          [  3.0345,   6.2605,   5.9996,  ...,   2.2037,   1.6459,   4.1179],
          ...,
          [  3.2276,   7.6294,   7.0142,  ...,   5.7431,   7.6763,   5.3158],
          [  3.0097,   6.7938,   6.2514,  ...,   2.4646,   8.0966,   5.1856],
          [  2.9249,   5.3699,   5.2562,  ...,   2.3048,   7.1659,   5.4252]],

         ...,

         [[-14.5681, -15.8084, -15.8666,  ..., -17.1505, -16.4427, -15.0471],
          [-14.8380, -14.8150, -15.6432,  ..., -16.6151, -16.4378, -15.1865],
          [-14.8742, -14.8971, -15.1418,  ..., -16.3495, -15.8647, -15.5474],
          ...,
          [-14.4915, -15.5761, -14.8935,  ..., -18.0049, -17.8880, -16.1718],
          [-14.2685, -14.9522, -15.2737,  ..., -16.9194, -16.9852, -15.4121],
          [-13.9795, -14.2734, -14.6198,  ..., -15.0533, -15.9402, -14.0034]],

         [[-13.9844, -14.4187, -14.5909,  ..., -14.5919, -14.3213, -14.0748],
          [-13.9413, -13.8590, -14.3759,  ..., -14.4314, -14.3813, -14.2142],
          [-13.9231, -13.8442, -13.9747,  ..., -14.2815, -14.3355, -14.8176],
          ...,
          [-15.2126, -15.5312, -15.0456,  ..., -15.7649, -15.5739, -15.0489],
          [-14.7209, -14.8969, -15.0430,  ..., -15.6090, -14.9758, -14.4772],
          [-14.5022, -14.6174, -14.6406,  ..., -14.8322, -14.6536, -13.9031]],

         [[-14.5414, -15.2410, -15.3198,  ..., -14.6533, -13.9839, -13.8839],
          [-14.6181, -14.5452, -15.0797,  ..., -14.5610, -14.2842, -14.1739],
          [-14.5989, -14.6143, -14.7221,  ..., -14.2316, -14.2368, -14.5729],
          ...,
          [-15.1547, -15.6713, -14.8453,  ..., -16.9070, -16.8489, -16.1894],
          [-14.7496, -15.1620, -15.0497,  ..., -16.2332, -16.2345, -15.8342],
          [-14.8545, -15.0718, -14.8990,  ..., -15.3177, -15.5823, -14.9808]]]]), tensor([[[[  5.6629,   3.0831,   2.1248,  ...,   0.8942,   1.1678,   0.7329],
          [  5.8989,   2.8047,   2.3158,  ...,   0.8998,   1.0702,   0.8660],
          [  5.9963,   2.9868,   2.2452,  ...,   0.7625,   0.3866,   0.8867],
          ...,
          [  9.4458,   4.8340,   4.0454,  ...,   5.3500,   5.8622,   4.8959],
          [  8.7311,   5.0690,   5.8715,  ...,   4.8787,   5.4550,   4.9805],
          [  7.5253,   4.5678,   4.9519,  ...,   2.3098,   1.9857,   4.4003]],

         [[  5.5019,   5.7379,   3.2662,  ...,   1.4687,   1.6734,   1.2491],
          [  5.7193,   5.8283,   3.6285,  ...,   1.4450,   1.5302,   1.2294],
          [  5.8480,   6.4679,   3.8508,  ...,   2.8709,   2.2782,   1.4758],
          ...,
          [  9.4233,   9.5139,   6.2880,  ...,   7.4719,   6.2675,   9.5807],
          [  8.6909,   8.6880,   8.0121,  ...,   6.9634,   5.9011,   9.4080],
          [  7.4171,   7.7910,   7.4169,  ...,   3.9741,   3.7982,   8.0246]],

         [[  2.9918,   5.5395,   4.7391,  ...,   2.3481,   2.3803,   2.1813],
          [  2.8703,   5.6632,   5.3882,  ...,   2.5170,   2.6727,   2.0101],
          [  2.8230,   6.3805,   6.5165,  ...,   5.4401,   4.6450,   2.1676],
          ...,
          [  3.7320,   9.6152,   5.7267,  ...,   5.4116,   6.5199,   8.5229],
          [  3.3947,   8.7019,   6.1052,  ...,   5.3146,   6.3566,   8.3676],
          [  3.2586,   7.6508,   5.9313,  ...,   3.2756,   5.9771,   6.9642]],

         ...,

         [[-14.0012, -14.3124, -14.1905,  ..., -13.2561, -13.1892, -12.9842],
          [-14.2273, -14.9258, -14.5390,  ..., -13.3265, -13.2977, -13.0015],
          [-14.4844, -15.1293, -14.4280,  ..., -14.2993, -14.2865, -12.7920],
          ...,
          [-12.9927, -14.0400, -13.9680,  ..., -14.6553, -16.2834, -14.8213],
          [-13.6068, -13.6770, -13.0380,  ..., -14.3301, -15.9541, -13.6750],
          [-13.2183, -13.2858, -13.3353,  ..., -13.9608, -14.6392, -14.1566]],

         [[-13.7724, -13.8451, -13.7808,  ..., -13.5008, -13.5189, -13.4110],
          [-13.9338, -14.1603, -14.0334,  ..., -13.6758, -13.6356, -13.4732],
          [-14.2898, -14.5544, -14.2677,  ..., -14.3427, -14.2093, -13.5705],
          ...,
          [-12.0189, -12.0824, -12.3911,  ..., -13.4205, -14.2950, -13.2939],
          [-12.6229, -12.4808, -11.9207,  ..., -13.4613, -14.0797, -12.8767],
          [-12.7404, -12.4081, -12.1916,  ..., -13.5761, -13.8344, -13.1851]],

         [[-13.3248, -13.4765, -13.5722,  ..., -13.8632, -13.7378, -13.5105],
          [-13.4638, -13.7235, -13.6703,  ..., -13.9318, -13.8216, -13.5831],
          [-13.6262, -13.8388, -13.7177,  ..., -14.1636, -14.1418, -13.4979],
          ...,
          [-12.4427, -13.0499, -13.8257,  ..., -13.8430, -14.5653, -13.0885],
          [-12.9091, -13.3183, -13.3929,  ..., -13.8500, -14.5040, -12.5656],
          [-12.9952, -13.2101, -13.6135,  ..., -13.5944, -14.0389, -13.1446]]]])])